sat_id,latitude,longitude,altitude_km,status
SAT00001,22.215566,-9.639513,11436.5,MAINTENANCE
SAT00002,2.046405,33.737312,11828.65,MAINTENANCE
SAT00003,6.09854,14.259869,27493.41,MAINTENANCE
SAT00004,2.230648,-108.770099,13739.74,ACTIVE
SAT00005,89.275084,-159.380845,17492.66,MAINTENANCE
SAT00006,-21.275473,149.752253,35611.06,ACTIVE
SAT00007,23.917213,-19.61995,32243.87,MAINTENANCE
SAT00008,73.563513,-144.964888,17765.61,INACTIVE
SAT00009,0.772958,-148.620024,23798.9,INACTIVE
SAT00010,-26.513018,30.137103,33839.75,ACTIVE
SAT00011,-51.746535,-139.25655,15611.55,ACTIVE
SAT00012,86.492854,-43.984202,26249.08,MAINTENANCE
SAT00013,57.960536,-25.426971,18435.04,ACTIVE
SAT00014,49.935314,44.093087,28839.52,INACTIVE
SAT00015,-43.052724,115.019412,5252.11,INACTIVE
SAT00016,52.483491,-89.356244,3452.47,ACTIVE
SAT00017,-70.936483,143.50814,6351.98,INACTIVE
SAT00018,67.856293,-160.258304,14415.23,ACTIVE
SAT00019,-42.499565,-87.436073,19475.92,ACTIVE
SAT00020,15.083813,-81.620832,31514.17,INACTIVE
SAT00021,-74.720171,-141.170047,20156.73,INACTIVE
SAT00022,-10.587743,177.651826,6490.6,MAINTENANCE
SAT00023,6.449313,89.960144,28663.74,MAINTENANCE
SAT00024,84.090152,-82.953125,1347.54,INACTIVE
SAT00025,-49.374591,-53.488903,12444.14,ACTIVE
SAT00026,85.259571,-141.100515,19009.57,ACTIVE
SAT00027,-0.490551,89.409958,15466.44,INACTIVE
SAT00028,-25.471385,156.067631,19449.1,ACTIVE
SAT00029,-76.99887,-18.265511,33982.7,INACTIVE
SAT00030,-42.213125,-155.705555,1472.26,ACTIVE
SAT00031,40.836051,119.502422,26108.85,INACTIVE
SAT00032,-63.076132,20.564367,19899.45,MAINTENANCE
SAT00033,-7.338647,-145.480234,13366.29,MAINTENANCE
SAT00034,-23.509701,-27.018524,510.32,ACTIVE
SAT00035,77.565618,42.580285,18416.46,ACTIVE
SAT00036,-11.363325,2.508667,31667.63,INACTIVE
SAT00037,65.846667,-45.780484,24476.18,MAINTENANCE
SAT00038,75.84795,48.717744,14707.81,INACTIVE
SAT00039,-16.685884,49.373023,19305.71,INACTIVE
SAT00040,-84.854779,63.545177,14253.59,ACTIVE
SAT00041,-81.455987,-166.464298,23556.18,MAINTENANCE
SAT00042,-20.807064,143.14185,31698.74,MAINTENANCE
SAT00043,-88.434835,21.249046,8692.5,MAINTENANCE
SAT00044,-53.55764,-173.632664,14403.93,ACTIVE
SAT00045,41.686578,130.717587,32966.31,ACTIVE
SAT00046,-14.103195,165.305186,5407.94,MAINTENANCE
SAT00047,73.098512,131.334247,24464.13,MAINTENANCE
SAT00048,-7.311268,-120.708951,29935.99,INACTIVE
SAT00049,-25.242823,110.218973,14249.73,ACTIVE
SAT00050,80.887613,101.310848,28859.61,INACTIVE
SAT00051,-48.507177,8.009878,33884.68,INACTIVE
SAT00052,-39.395513,117.046324,8779.22,ACTIVE
SAT00053,12.371815,115.861789,13396.08,INACTIVE
SAT00054,73.56583,-157.956211,8765.59,MAINTENANCE
SAT00055,-34.440637,-3.017265,9005.86,MAINTENANCE
SAT00056,44.712191,45.569655,3481.26,INACTIVE
SAT00057,-55.744903,13.350555,4421.78,MAINTENANCE
SAT00058,-81.019224,58.16437,16155.79,INACTIVE
SAT00059,-55.831911,-70.71815,2812.42,INACTIVE
SAT00060,38.592651,-131.04362,29278.54,MAINTENANCE
SAT00061,-44.591821,127.660701,21330.29,MAINTENANCE
SAT00062,59.965833,-156.996008,19195.39,ACTIVE
SAT00063,75.835143,-167.464167,10296.37,ACTIVE
SAT00064,-55.464211,135.02832,16558.29,ACTIVE
SAT00065,14.675955,18.106775,25052.45,ACTIVE
SAT00066,-11.796946,29.459274,21722.73,MAINTENANCE
SAT00067,-74.185234,168.210608,9190.76,ACTIVE
SAT00068,-70.384429,143.96398,17674.64,MAINTENANCE
SAT00069,-0.595741,21.548735,13836.66,MAINTENANCE
SAT00070,26.856476,125.294213,10100.62,INACTIVE
SAT00071,49.823389,146.357074,22295.21,INACTIVE
SAT00072,53.805356,-12.830666,31121.07,ACTIVE
SAT00073,-46.733745,-30.739955,25988.26,ACTIVE
SAT00074,76.409696,-37.876715,4983.77,ACTIVE
SAT00075,-18.822163,156.712469,23291.62,ACTIVE
SAT00076,-87.015587,-91.067951,14521.6,MAINTENANCE
SAT00077,31.065888,-20.47746,8924.99,ACTIVE
SAT00078,-88.828982,57.630771,3587.31,MAINTENANCE
SAT00079,24.291457,-125.282728,18980.11,ACTIVE
SAT00080,51.742867,-5.19288,35599.13,ACTIVE
SAT00081,44.781179,-78.686958,3389.04,ACTIVE
SAT00082,20.144245,96.309103,11015.26,MAINTENANCE
SAT00083,62.564618,-82.080546,8584.52,ACTIVE
SAT00084,-41.917698,-64.143486,14870.68,ACTIVE
SAT00085,0.725465,-109.376462,35624.74,INACTIVE
SAT00086,-62.84497,144.416029,10477.71,ACTIVE
SAT00087,-89.051772,-57.37724,15603.88,ACTIVE
SAT00088,25.776844,94.65155,20966.43,ACTIVE
SAT00089,-43.170201,99.69813,26188.59,INACTIVE
SAT00090,-52.657874,-105.188047,15104.97,INACTIVE
SAT00091,-48.440591,-36.956713,23995.46,INACTIVE
SAT00092,89.33441,-21.550344,33480.62,INACTIVE
SAT00093,51.859333,159.214727,15109.05,INACTIVE
SAT00094,20.010822,106.516561,22339.33,ACTIVE
SAT00095,-5.717413,46.351453,10788.28,INACTIVE
SAT00096,11.399382,137.532862,26825.37,INACTIVE
SAT00097,-26.09361,170.266164,32373.8,ACTIVE
SAT00098,-67.531021,-68.686826,17842.19,ACTIVE
SAT00099,-44.795013,165.016124,25872.29,MAINTENANCE
SAT00100,-21.389106,-154.002555,13361.39,MAINTENANCE
SAT00101,77.661892,-129.433125,15180.68,ACTIVE
SAT00102,-56.199818,26.374046,8468.18,ACTIVE
SAT00103,-57.508982,81.507267,25770.65,ACTIVE
SAT00104,2.096489,-17.690567,29503.73,INACTIVE
SAT00105,-49.890079,149.572009,29809.1,ACTIVE
SAT00106,-14.127186,-113.445234,17173.26,INACTIVE
SAT00107,-81.382538,-16.96556,29590.43,ACTIVE
SAT00108,40.396013,-51.139916,2872.78,MAINTENANCE
SAT00109,46.532167,-174.327369,9003.04,MAINTENANCE
SAT00110,43.254965,-46.173076,24204.6,INACTIVE
SAT00111,24.96041,85.742001,14354.96,MAINTENANCE
SAT00112,-15.369749,122.637204,5471.93,INACTIVE
SAT00113,-49.035406,-159.706729,5587.33,MAINTENANCE
SAT00114,-47.547227,-171.244787,9216.75,MAINTENANCE
SAT00115,87.022026,-74.409367,13405.28,INACTIVE
SAT00116,-72.803509,153.686516,24068.06,ACTIVE
SAT00117,-11.407391,-81.230954,31269.29,INACTIVE
SAT00118,51.242088,-121.523137,13208.34,ACTIVE
SAT00119,-76.539144,-49.708099,28055.74,MAINTENANCE
SAT00120,41.801938,113.59477,16105.5,ACTIVE
SAT00121,27.445669,66.08497,26819.54,MAINTENANCE
SAT00122,76.004397,114.024673,15451.52,ACTIVE
SAT00123,77.207011,39.531102,15920.94,MAINTENANCE
SAT00124,-89.620668,120.392268,23091.66,INACTIVE
SAT00125,18.67072,-56.799235,11888.43,ACTIVE
SAT00126,53.748879,70.631246,31040.97,ACTIVE
SAT00127,17.370124,82.46689,3950.76,MAINTENANCE
SAT00128,-30.697158,124.984357,15027.72,MAINTENANCE
SAT00129,-3.178369,117.66027,13781.19,ACTIVE
SAT00130,-77.231174,160.292279,23299.79,INACTIVE
SAT00131,-31.517526,17.217874,7266.46,INACTIVE
SAT00132,15.663202,74.381365,11778.0,MAINTENANCE
SAT00133,15.861424,84.821918,9699.78,ACTIVE
SAT00134,-26.120262,94.876599,30523.56,INACTIVE
SAT00135,22.92138,-88.000926,10762.85,ACTIVE
SAT00136,54.174285,-163.577248,1851.1,INACTIVE
SAT00137,-4.679533,-116.042161,19745.23,ACTIVE
SAT00138,43.80191,-89.74969,11326.85,MAINTENANCE
SAT00139,-75.988834,-24.259062,29889.96,MAINTENANCE
SAT00140,-65.239093,-158.754329,8732.97,ACTIVE
SAT00141,-20.981121,-48.399057,27655.94,INACTIVE
SAT00142,45.869641,149.064583,31978.32,MAINTENANCE
SAT00143,35.738934,-133.861098,24199.6,ACTIVE
SAT00144,23.866826,-130.036625,21650.38,MAINTENANCE
SAT00145,50.373899,165.87594,2924.78,MAINTENANCE
SAT00146,-28.891862,-46.916475,22780.19,MAINTENANCE
SAT00147,-21.692278,136.778238,28325.92,MAINTENANCE
SAT00148,27.445774,28.812004,34946.78,MAINTENANCE
SAT00149,3.865794,59.644869,7863.83,MAINTENANCE
SAT00150,-42.318827,149.24562,32005.52,ACTIVE
SAT00151,3.768329,-95.863429,29210.47,INACTIVE
SAT00152,5.3275,44.704759,25431.7,INACTIVE
SAT00153,-8.726724,-178.546738,14942.03,ACTIVE
SAT00154,84.740171,-128.075901,16891.06,MAINTENANCE
SAT00155,47.697912,99.87176,25719.17,MAINTENANCE
SAT00156,2.775736,86.913254,34089.52,INACTIVE
SAT00157,-38.182719,74.122342,5506.85,INACTIVE
SAT00158,64.129971,-91.966858,5877.37,ACTIVE
SAT00159,78.019879,147.430639,30384.04,MAINTENANCE
SAT00160,16.925769,-153.309188,12908.16,INACTIVE
SAT00161,-30.973584,10.624842,34177.1,MAINTENANCE
SAT00162,32.7823,-145.636744,34150.3,MAINTENANCE
SAT00163,43.569223,-114.908218,13907.34,MAINTENANCE
SAT00164,40.12191,-55.625932,26635.4,MAINTENANCE
SAT00165,-29.401993,10.591234,11793.52,INACTIVE
SAT00166,-86.062766,28.29139,27203.8,MAINTENANCE
SAT00167,53.483501,112.193063,14970.18,MAINTENANCE
SAT00168,67.333459,31.788291,8329.87,INACTIVE
SAT00169,65.187816,24.781613,26740.61,INACTIVE
SAT00170,67.047442,-97.439793,23460.59,ACTIVE
SAT00171,26.066471,87.021887,24986.36,MAINTENANCE
SAT00172,47.473294,66.508265,13437.51,INACTIVE
SAT00173,16.971306,39.331984,30667.11,MAINTENANCE
SAT00174,70.748833,119.005142,32495.11,MAINTENANCE
SAT00175,52.188041,-106.850886,25589.02,MAINTENANCE
SAT00176,31.483403,-99.961355,7822.34,MAINTENANCE
SAT00177,58.311622,69.810707,11577.58,ACTIVE
SAT00178,81.499182,138.758351,9919.86,ACTIVE
SAT00179,57.705475,-73.437499,3217.18,ACTIVE
SAT00180,24.897377,-151.623704,31533.23,ACTIVE
SAT00181,69.33325,-90.430255,3706.47,INACTIVE
SAT00182,-88.564512,-144.909367,25260.17,ACTIVE
SAT00183,-14.795905,-10.126963,2725.71,INACTIVE
SAT00184,85.483752,165.11885,31829.64,ACTIVE
SAT00185,-40.872707,44.457183,14463.32,INACTIVE
SAT00186,-21.153592,108.038485,22343.92,INACTIVE
SAT00187,34.416694,-0.959851,31135.03,ACTIVE
SAT00188,-51.772725,-128.300522,25242.4,INACTIVE
SAT00189,79.493543,98.589446,18403.73,MAINTENANCE
SAT00190,-48.453316,-10.778321,10684.82,ACTIVE
SAT00191,-56.657345,160.403247,35042.13,ACTIVE
SAT00192,12.497656,-105.707599,989.41,INACTIVE
SAT00193,66.078604,-175.16034,32773.7,MAINTENANCE
SAT00194,-32.951802,0.954099,28608.26,INACTIVE
SAT00195,38.618401,141.426597,23427.5,INACTIVE
SAT00196,1.049506,-86.002827,33356.18,ACTIVE
SAT00197,-23.626046,162.973333,31908.14,INACTIVE
SAT00198,76.92724,132.18269,18524.67,MAINTENANCE
SAT00199,11.304153,46.820083,710.32,INACTIVE
SAT00200,38.515806,83.852258,9403.32,INACTIVE
SAT00201,-0.85869,-147.050792,10288.26,MAINTENANCE
SAT00202,-75.531987,-49.286635,12718.55,INACTIVE
SAT00203,-39.890843,-82.744962,26057.91,MAINTENANCE
SAT00204,-15.058238,-146.672987,18174.41,MAINTENANCE
SAT00205,-71.043059,-162.069601,9704.5,MAINTENANCE
SAT00206,-17.635397,-12.337285,28522.6,MAINTENANCE
SAT00207,-87.186509,55.239647,4657.22,ACTIVE
SAT00208,-62.780305,179.080427,17358.87,INACTIVE
SAT00209,-77.573441,15.700625,28678.46,INACTIVE
SAT00210,35.576431,-34.041948,9124.06,INACTIVE
SAT00211,10.64017,100.758936,32433.71,MAINTENANCE
SAT00212,-80.041845,-33.785118,10572.4,MAINTENANCE
SAT00213,-37.386164,-7.241897,26036.27,INACTIVE
SAT00214,-4.39413,139.384916,6050.86,MAINTENANCE
SAT00215,75.765766,137.799383,25102.62,INACTIVE
SAT00216,31.215743,29.371352,24433.09,MAINTENANCE
SAT00217,27.215917,120.191475,11427.58,INACTIVE
SAT00218,22.158457,121.492875,9484.39,MAINTENANCE
SAT00219,48.593085,-8.557205,22957.82,ACTIVE
SAT00220,78.687228,-166.39156,5804.07,MAINTENANCE
SAT00221,34.973941,30.746806,17955.29,MAINTENANCE
SAT00222,50.725793,-3.607807,12076.31,MAINTENANCE
SAT00223,-42.052804,-75.819655,29926.65,ACTIVE
SAT00224,-51.707052,102.274219,29515.63,MAINTENANCE
SAT00225,-11.645261,-51.42063,20498.91,MAINTENANCE
SAT00226,19.83233,96.810787,247.99,MAINTENANCE
SAT00227,-23.655689,-154.87124,33284.9,ACTIVE
SAT00228,59.723602,-39.676497,2135.43,INACTIVE
SAT00229,-68.265468,53.813316,29765.15,MAINTENANCE
SAT00230,75.786223,147.021411,35060.24,ACTIVE
SAT00231,59.888712,159.785481,35885.73,MAINTENANCE
SAT00232,-57.528718,-41.696427,26049.32,INACTIVE
SAT00233,68.021186,110.890157,10574.47,MAINTENANCE
SAT00234,-40.71684,-172.905746,11410.6,ACTIVE
SAT00235,56.659873,-130.968318,24066.88,MAINTENANCE
SAT00236,-46.599008,117.416723,11595.29,ACTIVE
SAT00237,-5.409446,128.345396,32767.05,MAINTENANCE
SAT00238,-71.027503,176.801883,218.25,INACTIVE
SAT00239,7.68158,2.650597,1588.31,INACTIVE
SAT00240,-88.208269,117.603441,13076.22,INACTIVE
SAT00241,-24.550867,93.525173,9915.07,INACTIVE
SAT00242,-6.016194,18.664164,32555.16,MAINTENANCE
SAT00243,-23.327114,176.192011,3687.55,INACTIVE
SAT00244,26.035212,-172.263632,14644.89,MAINTENANCE
SAT00245,-82.563097,129.589332,16050.0,ACTIVE
SAT00246,-45.080811,-20.156926,18601.85,INACTIVE
SAT00247,60.550894,6.103639,32868.08,ACTIVE
SAT00248,73.154811,-102.269744,35749.0,INACTIVE
SAT00249,55.103321,62.709543,12173.31,INACTIVE
SAT00250,37.455916,43.631839,1196.05,MAINTENANCE
SAT00251,-19.329214,-86.462862,11969.43,MAINTENANCE
SAT00252,68.308362,12.128652,354.43,MAINTENANCE
SAT00253,-27.522597,-37.071082,28502.28,INACTIVE
SAT00254,-1.577231,-155.077015,6204.92,ACTIVE
SAT00255,-80.968781,52.040465,26650.69,INACTIVE
SAT00256,74.407069,-53.165782,26322.71,ACTIVE
SAT00257,5.784566,144.345231,25203.53,ACTIVE
SAT00258,28.992528,31.614932,7662.63,INACTIVE
SAT00259,11.916655,-105.423728,33967.89,MAINTENANCE
SAT00260,-52.979432,-22.537219,35475.76,INACTIVE
SAT00261,82.080502,-21.932044,30259.29,INACTIVE
SAT00262,35.662191,-126.875934,24165.26,ACTIVE
SAT00263,-22.518251,99.888187,27577.26,ACTIVE
SAT00264,-50.247898,1.561481,34630.5,INACTIVE
SAT00265,-75.180812,-86.684215,25028.44,ACTIVE
SAT00266,-40.608282,150.811801,30793.76,MAINTENANCE
SAT00267,14.686427,123.868288,33453.2,INACTIVE
SAT00268,-34.716001,149.202251,1719.37,INACTIVE
SAT00269,85.635291,163.739933,13118.49,MAINTENANCE
SAT00270,-76.662917,37.857711,28831.35,ACTIVE
SAT00271,56.209602,124.647694,6865.17,MAINTENANCE
SAT00272,-67.137539,-128.35878,5877.02,MAINTENANCE
SAT00273,5.337678,8.656631,19867.2,MAINTENANCE
SAT00274,-29.124041,131.489142,2581.72,MAINTENANCE
SAT00275,-26.756525,-114.059725,7869.54,MAINTENANCE
SAT00276,67.776548,-51.548695,28483.18,INACTIVE
SAT00277,35.346365,-87.149726,11246.35,MAINTENANCE
SAT00278,38.668124,26.156795,16560.56,MAINTENANCE
SAT00279,0.306287,121.644585,10252.69,MAINTENANCE
SAT00280,-14.776984,73.338555,21875.98,MAINTENANCE
SAT00281,59.77515,-139.529038,13787.41,ACTIVE
SAT00282,58.726548,162.66706,31039.26,MAINTENANCE
SAT00283,-59.125399,157.756678,2196.59,INACTIVE
SAT00284,83.377015,-96.201472,4603.9,INACTIVE
SAT00285,48.582609,-60.859765,17006.94,MAINTENANCE
SAT00286,18.20552,-42.764311,9698.68,MAINTENANCE
SAT00287,-61.94068,-143.570519,21562.5,MAINTENANCE
SAT00288,-79.123086,-51.464953,19385.91,INACTIVE
SAT00289,63.558079,172.469437,12125.34,INACTIVE
SAT00290,21.064087,29.585432,29060.85,ACTIVE
SAT00291,16.141511,150.806645,20631.28,ACTIVE
SAT00292,-4.84943,100.186225,3584.74,MAINTENANCE
SAT00293,-18.743309,139.360119,27340.49,MAINTENANCE
SAT00294,-84.046708,89.050644,25119.44,ACTIVE
SAT00295,-66.645277,-77.026093,2900.85,ACTIVE
SAT00296,-13.901479,-138.455266,15741.2,ACTIVE
SAT00297,38.375348,175.990349,34104.31,INACTIVE
SAT00298,22.518618,-73.017074,27968.97,MAINTENANCE
SAT00299,-40.709255,53.938644,27884.12,ACTIVE
SAT00300,-3.739411,146.39349,19410.97,MAINTENANCE
SAT00301,50.131108,20.359258,19582.26,INACTIVE
SAT00302,82.273073,95.081662,33704.94,ACTIVE
SAT00303,81.708314,52.509414,24681.45,ACTIVE
SAT00304,-64.543373,8.104747,31294.51,ACTIVE
SAT00305,-27.597917,-122.596122,4027.31,MAINTENANCE
SAT00306,-60.203358,-38.094791,9953.71,INACTIVE
SAT00307,58.526678,67.242089,29704.88,ACTIVE
SAT00308,3.992246,-19.609933,6472.2,ACTIVE
SAT00309,13.518479,-92.834234,23428.56,ACTIVE
SAT00310,64.522707,-143.185401,6824.35,INACTIVE
SAT00311,83.45264,-0.841646,11774.67,MAINTENANCE
SAT00312,33.961124,172.292601,5553.83,INACTIVE
SAT00313,-89.650519,-71.380414,21461.33,MAINTENANCE
SAT00314,28.298372,179.715126,10051.87,ACTIVE
SAT00315,71.303999,-14.289275,25267.68,INACTIVE
SAT00316,37.829029,-148.577129,12323.97,MAINTENANCE
SAT00317,87.876303,164.244505,13352.23,INACTIVE
SAT00318,-58.563227,16.108001,2719.17,INACTIVE
SAT00319,55.961012,-150.059522,5271.34,ACTIVE
SAT00320,-43.190784,-46.530605,2487.74,MAINTENANCE
SAT00321,16.585527,43.415231,29453.11,MAINTENANCE
SAT00322,74.880089,10.848668,18110.62,INACTIVE
SAT00323,-39.297413,-60.734697,28289.53,ACTIVE
SAT00324,-77.054447,-84.495845,26460.7,ACTIVE
SAT00325,-28.028699,118.786482,31030.03,ACTIVE
SAT00326,-17.219684,177.267804,24111.12,MAINTENANCE
SAT00327,-45.53337,114.235777,29495.01,MAINTENANCE
SAT00328,84.338921,173.360243,35626.64,MAINTENANCE
SAT00329,49.485897,-104.772246,4751.82,INACTIVE
SAT00330,-27.334421,-20.024278,25052.46,MAINTENANCE
SAT00331,0.010084,74.96577,6706.77,MAINTENANCE
SAT00332,-58.62431,112.092794,35207.22,INACTIVE
SAT00333,22.057043,78.084456,25146.16,INACTIVE
SAT00334,-53.97085,-130.650247,25489.85,INACTIVE
SAT00335,-30.568244,174.87303,4544.06,INACTIVE
SAT00336,-24.773727,163.077919,30974.24,MAINTENANCE
SAT00337,7.148286,43.840098,23546.46,ACTIVE
SAT00338,69.691779,-119.190373,25094.14,MAINTENANCE
SAT00339,-25.6013,-108.051627,11793.71,MAINTENANCE
SAT00340,-58.507723,57.713148,3613.18,MAINTENANCE
SAT00341,-63.145397,-100.178613,17331.6,INACTIVE
SAT00342,63.311945,99.127166,14401.65,MAINTENANCE
SAT00343,76.127228,59.670697,18476.51,INACTIVE
SAT00344,-86.645796,-94.173753,3845.77,INACTIVE
SAT00345,40.341419,101.451057,24780.68,INACTIVE
SAT00346,-28.966857,58.93418,24447.85,INACTIVE
SAT00347,-61.281297,110.377033,674.15,MAINTENANCE
SAT00348,1.902713,28.034889,15450.64,ACTIVE
SAT00349,-88.904417,-100.461957,18914.5,ACTIVE
SAT00350,23.90684,-168.964036,15888.31,MAINTENANCE
SAT00351,-55.260117,87.839281,14837.79,INACTIVE
SAT00352,29.435363,-170.880889,29908.12,INACTIVE
SAT00353,43.391867,-76.550958,28864.82,MAINTENANCE
SAT00354,48.067775,1.765017,679.55,ACTIVE
SAT00355,-81.425646,-172.201455,1248.41,ACTIVE
SAT00356,73.375156,-77.580024,26872.01,INACTIVE
SAT00357,31.533608,-52.166367,1924.35,INACTIVE
SAT00358,-76.619623,175.832649,22770.86,ACTIVE
SAT00359,2.534724,97.414551,34134.95,ACTIVE
SAT00360,8.397495,92.125955,17439.64,INACTIVE
SAT00361,-49.575854,126.783535,22935.96,MAINTENANCE
SAT00362,42.847076,-23.29916,6451.08,ACTIVE
SAT00363,5.030047,-160.908345,31811.65,MAINTENANCE
SAT00364,-2.74318,156.807744,24311.68,ACTIVE
SAT00365,-21.435512,39.567657,1438.47,INACTIVE
SAT00366,4.549584,-14.637051,4184.58,MAINTENANCE
SAT00367,-4.120137,-81.246688,16991.94,MAINTENANCE
SAT00368,-48.779728,-44.179728,21547.35,INACTIVE
SAT00369,-87.318703,-126.524775,10536.79,MAINTENANCE
SAT00370,84.939282,84.875468,8470.43,INACTIVE
SAT00371,-51.616322,65.959142,12824.7,INACTIVE
SAT00372,-9.4654,-27.269149,28233.97,MAINTENANCE
SAT00373,-49.400768,-67.552456,26113.12,INACTIVE
SAT00374,-6.150021,72.799663,29049.08,ACTIVE
SAT00375,-59.589146,43.043098,21270.53,INACTIVE
SAT00376,84.367264,-104.057773,10688.6,ACTIVE
SAT00377,-19.326394,-167.552146,6618.36,ACTIVE
SAT00378,-13.042299,169.659271,1531.58,MAINTENANCE
SAT00379,78.939366,92.020559,497.17,MAINTENANCE
SAT00380,-82.158167,126.575527,2920.53,ACTIVE
SAT00381,42.814244,16.48263,16525.38,ACTIVE
SAT00382,-63.645316,-19.952053,18174.32,INACTIVE
SAT00383,-6.20389,5.384771,11115.62,MAINTENANCE
SAT00384,-7.717615,-113.066519,32523.52,INACTIVE
SAT00385,53.823801,160.934439,26408.18,MAINTENANCE
SAT00386,-87.363316,-103.094834,16576.07,ACTIVE
SAT00387,-25.853478,-68.750803,26400.91,INACTIVE
SAT00388,58.13319,-21.990662,35205.29,ACTIVE
SAT00389,54.786141,97.219366,7055.48,ACTIVE
SAT00390,-54.094788,36.706814,5280.56,ACTIVE
SAT00391,63.010251,-140.081453,35989.35,MAINTENANCE
SAT00392,-65.445278,-98.789122,8772.35,MAINTENANCE
SAT00393,50.05998,-179.562742,20224.63,ACTIVE
SAT00394,63.123117,73.385025,20789.9,INACTIVE
SAT00395,-71.109482,51.137014,30343.89,MAINTENANCE
SAT00396,-27.808043,161.233476,24431.65,MAINTENANCE
SAT00397,87.619691,23.736997,4903.27,INACTIVE
SAT00398,69.918187,25.694677,26175.18,INACTIVE
SAT00399,-32.769217,72.0805,7385.57,ACTIVE
SAT00400,-3.829846,-47.254016,1959.27,MAINTENANCE
SAT00401,-73.861898,-112.073707,35514.03,ACTIVE
SAT00402,38.117585,82.599898,2928.08,ACTIVE
SAT00403,-82.250131,-29.28824,8662.6,INACTIVE
SAT00404,45.000707,175.634991,29279.14,INACTIVE
SAT00405,83.228124,100.682562,35196.07,ACTIVE
SAT00406,-44.315225,76.36554,20795.35,INACTIVE
SAT00407,36.224177,-92.459009,4954.2,MAINTENANCE
SAT00408,70.049495,-146.164541,15140.86,INACTIVE
SAT00409,7.101796,-74.339281,31772.32,INACTIVE
SAT00410,-20.802381,-12.085252,29775.01,ACTIVE
SAT00411,-8.411571,77.307902,12277.78,ACTIVE
SAT00412,-25.095286,2.393524,13439.87,INACTIVE
SAT00413,-11.568242,-117.392066,11502.52,ACTIVE
SAT00414,79.565224,73.493162,16547.35,INACTIVE
SAT00415,9.579752,174.727167,29721.38,ACTIVE
SAT00416,50.852432,172.915954,11039.35,INACTIVE
SAT00417,10.308487,-11.368102,333.8,ACTIVE
SAT00418,21.840918,-6.074361,6461.39,INACTIVE
SAT00419,18.857406,65.026182,3061.82,ACTIVE
SAT00420,50.483905,-135.386174,27127.46,INACTIVE
SAT00421,-18.88425,-122.134264,19090.95,ACTIVE
SAT00422,-51.432872,147.002804,21581.66,MAINTENANCE
SAT00423,82.326295,-23.223233,31781.05,ACTIVE
SAT00424,-76.035332,-108.989717,2338.87,ACTIVE
SAT00425,80.837091,113.843809,7666.36,ACTIVE
SAT00426,-16.091632,87.190052,19304.69,ACTIVE
SAT00427,79.057599,87.790525,35391.27,MAINTENANCE
SAT00428,43.204117,-93.269548,26945.07,MAINTENANCE
SAT00429,73.586957,147.15982,33586.98,MAINTENANCE
SAT00430,-79.109211,53.154077,505.62,MAINTENANCE
SAT00431,48.477631,-47.918177,13592.93,ACTIVE
SAT00432,-65.143733,-154.158556,5769.18,ACTIVE
SAT00433,-71.724785,125.32551,23039.51,INACTIVE
SAT00434,-30.494469,78.195902,4551.14,INACTIVE
SAT00435,-49.729233,-102.841412,28372.44,INACTIVE
SAT00436,-81.080508,-73.546271,29046.94,ACTIVE
SAT00437,-22.875606,154.545574,6078.62,INACTIVE
SAT00438,22.490362,-18.499711,29125.88,INACTIVE
SAT00439,-45.549522,-59.135311,22217.19,MAINTENANCE
SAT00440,1.626493,-22.467755,22928.04,MAINTENANCE
SAT00441,-84.528678,-163.105559,29197.53,MAINTENANCE
SAT00442,40.307202,154.782376,9754.6,INACTIVE
SAT00443,66.029794,117.41419,14081.73,MAINTENANCE
SAT00444,-53.490354,123.388033,27648.51,MAINTENANCE
SAT00445,54.051657,-30.272988,11237.3,MAINTENANCE
SAT00446,87.992564,-15.861085,24994.62,MAINTENANCE
SAT00447,-56.859977,104.573833,35783.87,INACTIVE
SAT00448,25.489142,174.75851,35459.06,ACTIVE
SAT00449,3.906975,-66.944957,435.7,INACTIVE
SAT00450,-87.50378,-82.431656,22900.88,ACTIVE
SAT00451,74.749415,-107.356165,8335.41,ACTIVE
SAT00452,-56.547959,68.653953,15489.8,MAINTENANCE
SAT00453,46.995936,-31.615197,3585.35,MAINTENANCE
SAT00454,-40.808579,-37.276002,31663.67,MAINTENANCE
SAT00455,51.355783,0.030137,23340.78,INACTIVE
SAT00456,-19.839034,-33.731572,35580.79,INACTIVE
SAT00457,-12.590102,-49.420343,7801.08,INACTIVE
SAT00458,36.174107,57.173723,12443.3,ACTIVE
SAT00459,35.901983,15.285789,9591.82,MAINTENANCE
SAT00460,-50.725395,-35.745411,23300.92,MAINTENANCE
SAT00461,41.784378,73.070817,11242.17,ACTIVE
SAT00462,79.204889,-18.629213,17322.95,INACTIVE
SAT00463,-65.715445,-73.11351,5366.85,MAINTENANCE
SAT00464,65.354696,14.261472,1866.86,INACTIVE
SAT00465,1.597657,-161.309302,10244.23,INACTIVE
SAT00466,-64.400352,9.223309,19892.28,INACTIVE
SAT00467,-87.776155,115.985071,22256.86,ACTIVE
SAT00468,-12.023394,67.0952,12140.04,ACTIVE
SAT00469,-12.546274,-124.30231,18346.31,ACTIVE
SAT00470,-4.872992,-28.741129,30645.14,MAINTENANCE
SAT00471,-45.451088,112.447475,16666.45,ACTIVE
SAT00472,58.156817,-179.795108,31169.79,INACTIVE
SAT00473,68.186942,5.086262,21163.57,ACTIVE
SAT00474,31.954532,83.104491,16053.78,ACTIVE
SAT00475,-20.881209,34.989397,26351.6,ACTIVE
SAT00476,-0.533539,-67.837574,20232.58,INACTIVE
SAT00477,-17.754328,179.343351,23873.46,INACTIVE
SAT00478,31.558621,-12.397857,6043.53,ACTIVE
SAT00479,48.074717,134.786336,11819.71,INACTIVE
SAT00480,-62.372133,13.701764,6294.11,INACTIVE
SAT00481,83.005793,61.066815,12544.46,MAINTENANCE
SAT00482,5.535802,168.564061,20338.65,MAINTENANCE
SAT00483,-68.224678,150.858663,2858.74,MAINTENANCE
SAT00484,-63.135304,-7.209171,1151.9,ACTIVE
SAT00485,-55.309216,172.457534,11666.1,MAINTENANCE
SAT00486,73.585546,-48.561351,14557.25,MAINTENANCE
SAT00487,-0.04857,157.500589,30174.6,INACTIVE
SAT00488,-0.81609,-55.716915,26733.33,ACTIVE
SAT00489,39.550577,-92.069803,34815.33,INACTIVE
SAT00490,87.878744,-145.839852,10189.57,ACTIVE
SAT00491,-5.519643,23.867724,30460.64,MAINTENANCE
SAT00492,84.17226,49.973814,29351.99,MAINTENANCE
SAT00493,14.438176,-81.960066,32517.46,MAINTENANCE
SAT00494,-41.18237,33.467008,24950.38,MAINTENANCE
SAT00495,83.288509,-87.346584,217.64,MAINTENANCE
SAT00496,29.412967,60.015088,27852.14,MAINTENANCE
SAT00497,-84.057735,175.920779,25963.81,ACTIVE
SAT00498,15.464718,157.915197,20636.33,ACTIVE
SAT00499,-62.457156,17.614755,13602.89,ACTIVE
SAT00500,-41.858218,177.739825,7868.95,INACTIVE
SAT00501,73.944292,118.022238,20704.22,INACTIVE
SAT00502,-2.727462,76.598861,18749.45,INACTIVE
SAT00503,-22.811968,90.793659,7228.38,MAINTENANCE
SAT00504,9.027345,160.582433,20369.21,INACTIVE
SAT00505,8.811254,118.767032,18189.41,INACTIVE
SAT00506,35.621831,-92.1651,11978.41,ACTIVE
SAT00507,81.875609,-45.580453,28786.61,INACTIVE
SAT00508,53.417971,-114.591442,2535.3,MAINTENANCE
SAT00509,2.568407,115.775517,2079.61,MAINTENANCE
SAT00510,84.850693,-93.563233,20853.19,INACTIVE
SAT00511,51.557507,118.685109,4272.65,MAINTENANCE
SAT00512,-46.693803,11.510381,8372.17,MAINTENANCE
SAT00513,-61.449083,148.20871,34745.2,ACTIVE
SAT00514,5.512352,-20.295804,5300.54,MAINTENANCE
SAT00515,-8.072606,-43.975873,10094.14,INACTIVE
SAT00516,78.041554,162.145427,4062.92,INACTIVE
SAT00517,64.663928,-60.543745,4958.53,MAINTENANCE
SAT00518,-6.779982,82.508959,7370.49,ACTIVE
SAT00519,-59.814542,127.101475,7722.91,ACTIVE
SAT00520,41.954388,57.273519,20621.55,MAINTENANCE
SAT00521,39.726008,110.269724,24270.2,MAINTENANCE
SAT00522,-54.887486,119.785021,26275.12,INACTIVE
SAT00523,-29.188453,-105.532927,25641.66,INACTIVE
SAT00524,-86.183287,50.405843,602.6,INACTIVE
SAT00525,61.723966,-27.482931,15227.96,MAINTENANCE
SAT00526,69.849105,-83.573613,19312.6,INACTIVE
SAT00527,-51.099853,-76.140198,13362.4,INACTIVE
SAT00528,58.61287,-128.517939,18691.61,ACTIVE
SAT00529,-62.754773,-63.290602,16749.62,ACTIVE
SAT00530,3.703273,-166.222825,28026.63,MAINTENANCE
SAT00531,86.78439,-71.380903,26565.45,ACTIVE
SAT00532,10.222541,91.819427,14420.24,INACTIVE
SAT00533,19.16524,-145.374067,17542.9,INACTIVE
SAT00534,17.861175,-138.981196,18295.6,INACTIVE
SAT00535,-40.364793,0.719945,34626.44,INACTIVE
SAT00536,-76.832119,127.54332,9017.97,MAINTENANCE
SAT00537,22.752985,108.014207,4329.22,ACTIVE
SAT00538,56.012304,-178.125773,16560.28,MAINTENANCE
SAT00539,58.40262,63.658077,16091.12,MAINTENANCE
SAT00540,12.797772,-52.069208,6782.66,INACTIVE
SAT00541,-71.258794,-104.048698,15598.02,ACTIVE
SAT00542,-78.094046,-145.860231,11942.55,MAINTENANCE
SAT00543,-26.228786,46.649841,7905.19,MAINTENANCE
SAT00544,-15.998957,65.598318,17537.24,ACTIVE
SAT00545,29.971675,117.647014,6325.6,INACTIVE
SAT00546,12.156291,153.372102,1269.39,ACTIVE
SAT00547,86.177893,26.448109,270.17,MAINTENANCE
SAT00548,73.862913,-59.095052,4578.61,ACTIVE
SAT00549,-75.649432,-114.182299,3855.72,ACTIVE
SAT00550,-50.911366,-158.504002,18426.37,INACTIVE
SAT00551,36.54288,-147.845357,26295.08,ACTIVE
SAT00552,3.600037,-27.019991,26704.66,INACTIVE
SAT00553,71.333318,133.713686,28174.05,MAINTENANCE
SAT00554,-28.321435,178.041689,18216.63,INACTIVE
SAT00555,9.738774,1.413929,25935.67,ACTIVE
SAT00556,-9.551067,-166.70103,28038.59,MAINTENANCE
SAT00557,-52.823335,-74.397356,4451.49,MAINTENANCE
SAT00558,-77.843567,18.991082,1842.33,ACTIVE
SAT00559,19.378576,89.15764,16350.56,ACTIVE
SAT00560,72.999531,-31.469855,31051.84,ACTIVE
SAT00561,84.601428,94.788109,6598.79,ACTIVE
SAT00562,87.381528,-138.329291,22604.64,INACTIVE
SAT00563,-20.745336,-36.303206,24188.71,ACTIVE
SAT00564,82.469156,-103.909699,31870.44,ACTIVE
SAT00565,86.812791,-16.572387,3380.54,MAINTENANCE
SAT00566,84.976053,-129.128565,20696.54,MAINTENANCE
SAT00567,-23.610199,61.920625,26814.22,MAINTENANCE
SAT00568,39.271956,8.620313,2305.29,ACTIVE
SAT00569,0.247274,55.055824,25157.2,INACTIVE
SAT00570,-40.76753,-143.38154,6550.64,MAINTENANCE
SAT00571,-1.326976,-162.636486,553.13,ACTIVE
SAT00572,89.729674,-2.221648,35663.58,ACTIVE
SAT00573,-43.394812,-91.103968,4244.27,ACTIVE
SAT00574,-7.739892,121.882693,8917.82,ACTIVE
SAT00575,-29.35741,-122.846908,5953.32,MAINTENANCE
SAT00576,21.793045,138.84426,28302.7,ACTIVE
SAT00577,39.408583,142.468171,5605.67,MAINTENANCE
SAT00578,-88.03269,152.728165,10942.36,MAINTENANCE
SAT00579,-12.440092,84.550614,5820.63,ACTIVE
SAT00580,44.100575,-162.867963,26725.67,MAINTENANCE
SAT00581,-64.527248,-133.079732,20251.45,MAINTENANCE
SAT00582,-18.906086,-35.288196,17596.68,ACTIVE
SAT00583,30.554181,141.462021,16353.3,ACTIVE
SAT00584,42.547323,-135.814674,17370.39,MAINTENANCE
SAT00585,-89.554256,-22.077428,4529.05,MAINTENANCE
SAT00586,48.1873,-86.568146,34650.27,INACTIVE
SAT00587,56.999064,168.701188,5764.08,INACTIVE
SAT00588,-72.740439,102.410397,7460.32,ACTIVE
SAT00589,-81.035953,118.53459,12723.38,ACTIVE
SAT00590,36.675759,39.36941,23842.7,INACTIVE
SAT00591,-62.773525,34.481117,30199.12,ACTIVE
SAT00592,-72.571172,-89.359558,13079.39,INACTIVE
SAT00593,-0.83193,88.5644,34693.37,ACTIVE
SAT00594,-10.279685,51.3469,30518.28,ACTIVE
SAT00595,-87.005163,39.428007,25297.25,ACTIVE
SAT00596,-82.639172,-171.656599,15561.09,MAINTENANCE
SAT00597,-69.276652,67.386386,8840.57,MAINTENANCE
SAT00598,79.97805,-31.454316,4883.8,MAINTENANCE
SAT00599,43.554601,169.735105,15702.9,MAINTENANCE
SAT00600,-49.079693,159.190394,17021.77,ACTIVE
SAT00601,74.273855,-168.557297,9276.73,ACTIVE
SAT00602,-7.232835,-55.384048,4373.96,ACTIVE
SAT00603,21.978093,-20.444764,12317.94,ACTIVE
SAT00604,-40.649485,-39.32829,31923.95,INACTIVE
SAT00605,-25.670418,-78.074814,12423.07,INACTIVE
SAT00606,1.531391,-52.280534,2297.62,ACTIVE
SAT00607,-47.060979,58.205817,15658.08,ACTIVE
SAT00608,-40.638742,110.720357,9463.97,MAINTENANCE
SAT00609,55.865181,88.457463,31258.52,MAINTENANCE
SAT00610,-76.652261,146.449152,24658.14,ACTIVE
SAT00611,43.901523,-173.187271,16409.79,MAINTENANCE
SAT00612,19.783687,-105.628634,16208.32,ACTIVE
SAT00613,-4.866496,-160.5671,23452.13,INACTIVE
SAT00614,61.465226,11.470291,9001.76,INACTIVE
SAT00615,-59.954192,-174.908974,7143.33,INACTIVE
SAT00616,15.036658,0.475219,34991.75,MAINTENANCE
SAT00617,-6.451132,-113.704399,25913.74,ACTIVE
SAT00618,-4.819057,28.666654,32020.7,INACTIVE
SAT00619,21.441674,92.111885,31373.79,ACTIVE
SAT00620,23.602296,-118.539899,5831.64,MAINTENANCE
SAT00621,74.147717,-101.085363,32820.37,ACTIVE
SAT00622,-64.158127,-90.880803,31341.33,MAINTENANCE
SAT00623,-0.179648,-93.70445,14084.1,MAINTENANCE
SAT00624,-63.205036,-49.029806,14494.99,ACTIVE
SAT00625,27.588534,-125.602046,14052.36,ACTIVE
SAT00626,4.016996,0.618676,942.61,MAINTENANCE
SAT00627,23.203869,-145.543034,24084.95,INACTIVE
SAT00628,-24.214527,131.947416,32154.03,MAINTENANCE
SAT00629,-70.850765,50.041369,31390.46,INACTIVE
SAT00630,65.934296,175.99588,26048.11,INACTIVE
SAT00631,-9.912202,16.905085,3518.05,INACTIVE
SAT00632,-13.432562,-25.627373,8494.5,ACTIVE
SAT00633,2.563413,-131.309239,26578.22,MAINTENANCE
SAT00634,-56.605268,97.366416,9036.16,MAINTENANCE
SAT00635,-7.501006,43.512117,14585.16,MAINTENANCE
SAT00636,72.057035,-12.829362,7569.22,INACTIVE
SAT00637,7.109333,117.754755,19360.97,INACTIVE
SAT00638,16.996414,-165.606876,35083.78,INACTIVE
SAT00639,0.273975,-147.209611,1748.98,ACTIVE
SAT00640,65.947941,134.366264,2247.61,INACTIVE
SAT00641,12.294088,-174.047009,10905.02,INACTIVE
SAT00642,-12.65006,-178.893118,18130.78,ACTIVE
SAT00643,-42.410491,22.917892,26145.59,MAINTENANCE
SAT00644,-60.057552,-34.031492,25861.12,ACTIVE
SAT00645,-59.660344,-3.774227,26018.47,MAINTENANCE
SAT00646,-76.685669,128.155922,15986.37,INACTIVE
SAT00647,30.991931,-50.322014,2910.62,MAINTENANCE
SAT00648,-37.395216,-13.661992,22329.98,INACTIVE
SAT00649,69.705061,164.745915,17969.36,ACTIVE
SAT00650,-29.198973,177.531147,9404.05,MAINTENANCE
SAT00651,-67.690898,53.024826,32376.21,INACTIVE
SAT00652,-22.878092,47.842509,8904.54,INACTIVE
SAT00653,-1.063338,-166.480479,33557.35,ACTIVE
SAT00654,12.45936,-43.402191,9967.02,INACTIVE
SAT00655,-81.906477,-155.823567,358.84,MAINTENANCE
SAT00656,-75.602661,-84.607642,21856.61,ACTIVE
SAT00657,3.135174,-105.99431,19020.96,ACTIVE
SAT00658,24.585282,174.213738,14077.56,ACTIVE
SAT00659,74.075257,-5.485106,11004.21,ACTIVE
SAT00660,-28.857427,65.487727,26903.04,INACTIVE
SAT00661,-0.247276,-20.273728,21862.17,MAINTENANCE
SAT00662,-6.846951,-110.59815,10051.14,MAINTENANCE
SAT00663,86.051917,23.068157,27280.81,ACTIVE
SAT00664,-35.971389,158.94599,9210.54,MAINTENANCE
SAT00665,-60.086028,-15.377429,2442.63,INACTIVE
SAT00666,-51.382353,163.497695,5890.6,ACTIVE
SAT00667,-78.896701,11.594096,34003.77,MAINTENANCE
SAT00668,-1.945057,-135.092609,23589.22,MAINTENANCE
SAT00669,15.771066,-148.841955,7467.44,ACTIVE
SAT00670,3.750791,134.520133,18282.15,INACTIVE
SAT00671,-34.921594,-85.341421,23759.61,MAINTENANCE
SAT00672,-16.411359,-90.977708,11355.46,MAINTENANCE
SAT00673,34.066919,-76.72917,16473.42,INACTIVE
SAT00674,-75.705699,44.224223,5327.54,INACTIVE
SAT00675,2.174471,-85.11776,23530.6,INACTIVE
SAT00676,-59.79679,81.938008,20714.64,MAINTENANCE
SAT00677,-46.440681,31.639866,31283.83,INACTIVE
SAT00678,-36.567958,-22.288013,24469.28,ACTIVE
SAT00679,-24.007781,-164.958802,16449.56,ACTIVE
SAT00680,-41.483376,-14.527079,15285.36,INACTIVE
SAT00681,-48.335824,-77.529687,21976.18,MAINTENANCE
SAT00682,23.669758,-134.226076,8103.71,INACTIVE
SAT00683,43.562487,-64.956477,1467.44,ACTIVE
SAT00684,75.757443,39.062815,9164.27,MAINTENANCE
SAT00685,73.100125,-76.692111,18494.42,INACTIVE
SAT00686,44.69128,26.136687,21542.25,ACTIVE
SAT00687,11.542852,130.645437,24937.87,MAINTENANCE
SAT00688,47.309606,19.897328,32358.39,ACTIVE
SAT00689,-85.581149,-79.077478,12651.59,MAINTENANCE
SAT00690,-51.576326,-97.723176,34115.6,MAINTENANCE
SAT00691,7.481244,-26.417702,20382.05,MAINTENANCE
SAT00692,-15.528847,131.840934,23672.81,INACTIVE
SAT00693,25.951679,39.657429,20628.16,INACTIVE
SAT00694,33.361543,167.630329,12003.73,ACTIVE
SAT00695,-24.904392,46.255637,27659.15,MAINTENANCE
SAT00696,52.078886,-2.007842,27798.58,ACTIVE
SAT00697,20.695031,-6.090681,30584.32,INACTIVE
SAT00698,82.570134,93.226225,24088.44,ACTIVE
SAT00699,-30.651725,28.468033,2318.62,ACTIVE
SAT00700,77.900689,-30.388619,18809.62,ACTIVE
SAT00701,-87.729297,-110.910227,13199.51,ACTIVE
SAT00702,-4.269613,-156.853473,17269.29,MAINTENANCE
SAT00703,-27.854994,5.394858,4988.33,MAINTENANCE
SAT00704,52.552623,57.474503,19726.98,MAINTENANCE
SAT00705,-11.587937,-17.284704,23996.47,MAINTENANCE
SAT00706,52.120694,-22.732504,24258.71,ACTIVE
SAT00707,-1.25252,-104.591976,3639.53,ACTIVE
SAT00708,-63.721702,-135.394232,29609.64,ACTIVE
SAT00709,-26.014874,-167.488165,35581.16,ACTIVE
SAT00710,-18.1451,155.333596,16325.19,ACTIVE
SAT00711,-0.046066,-110.616791,33043.95,INACTIVE
SAT00712,20.993676,-63.930141,1444.06,ACTIVE
SAT00713,-53.283827,159.479196,34822.31,MAINTENANCE
SAT00714,29.646536,-179.352773,27480.26,MAINTENANCE
SAT00715,-48.99566,167.871,2541.67,INACTIVE
SAT00716,-77.309689,0.546713,23457.51,ACTIVE
SAT00717,-63.664697,23.228106,19587.56,INACTIVE
SAT00718,-31.601368,12.002279,17449.63,INACTIVE
SAT00719,52.900156,-92.916371,27499.8,MAINTENANCE
SAT00720,-62.449631,119.524029,23615.57,ACTIVE
SAT00721,27.416049,-115.835909,24160.89,MAINTENANCE
SAT00722,-11.353052,-64.673472,17588.05,MAINTENANCE
SAT00723,-84.387945,168.349619,32859.82,ACTIVE
SAT00724,-88.947968,-107.427559,10841.62,ACTIVE
SAT00725,-2.793784,48.651818,33611.78,ACTIVE
SAT00726,-39.888028,-136.337697,16061.98,INACTIVE
SAT00727,-89.988265,-92.635146,8341.4,INACTIVE
SAT00728,47.936344,-119.56947,1242.8,INACTIVE
SAT00729,30.533353,60.415673,32127.23,ACTIVE
SAT00730,-12.565145,154.22187,24830.7,ACTIVE
SAT00731,-23.643357,28.477213,1768.17,ACTIVE
SAT00732,-23.480014,74.479228,32991.7,INACTIVE
SAT00733,-70.340645,139.618624,29827.29,INACTIVE
SAT00734,-34.269613,62.166107,14177.94,ACTIVE
SAT00735,22.620704,-43.104286,28202.74,ACTIVE
SAT00736,-44.531146,34.878103,14333.63,INACTIVE
SAT00737,32.724822,25.344297,8218.6,MAINTENANCE
SAT00738,-8.224001,-49.453298,33492.08,INACTIVE
SAT00739,-84.30922,-59.679488,32076.95,MAINTENANCE
SAT00740,-64.67769,98.963549,12418.58,INACTIVE
SAT00741,-14.570801,-130.550961,14361.95,MAINTENANCE
SAT00742,-1.682116,146.201742,33235.46,MAINTENANCE
SAT00743,-36.498258,151.249964,28170.93,MAINTENANCE
SAT00744,-70.592747,173.927974,15299.67,MAINTENANCE
SAT00745,-41.498639,178.426614,13391.04,ACTIVE
SAT00746,-63.069661,-171.172486,3847.01,MAINTENANCE
SAT00747,62.368189,128.014152,14185.99,INACTIVE
SAT00748,2.289835,76.838655,5090.35,INACTIVE
SAT00749,-7.447077,-177.128989,30497.08,INACTIVE
SAT00750,42.449791,32.073512,2531.4,ACTIVE
SAT00751,88.489845,-65.563864,34553.01,INACTIVE
SAT00752,19.64412,136.066483,1144.03,MAINTENANCE
SAT00753,75.215975,20.439431,11656.17,ACTIVE
SAT00754,-57.624051,-120.750058,567.28,INACTIVE
SAT00755,30.707937,-98.976434,2659.41,MAINTENANCE
SAT00756,33.983717,-166.379839,23559.31,ACTIVE
SAT00757,-87.841705,-114.875875,2080.11,ACTIVE
SAT00758,46.018219,-85.065533,19776.53,ACTIVE
SAT00759,0.539341,129.840744,33674.53,INACTIVE
SAT00760,40.205464,107.418644,10605.06,ACTIVE
SAT00761,18.505545,42.307721,17846.48,MAINTENANCE
SAT00762,4.617676,110.761678,7758.16,ACTIVE
SAT00763,-59.820514,47.568673,18577.45,INACTIVE
SAT00764,18.683996,-1.098445,31438.64,ACTIVE
SAT00765,89.08483,126.241191,17639.82,MAINTENANCE
SAT00766,-9.110171,-10.240108,25618.3,MAINTENANCE
SAT00767,68.403975,55.444148,19259.62,INACTIVE
SAT00768,-78.806309,-136.117343,28026.2,INACTIVE
SAT00769,67.408612,9.143593,3386.14,ACTIVE
SAT00770,-58.781511,21.208591,26549.36,ACTIVE
SAT00771,24.355298,51.059924,32687.42,INACTIVE
SAT00772,-9.801111,127.205957,5017.04,ACTIVE
SAT00773,78.362475,-43.742163,11445.61,ACTIVE
SAT00774,-40.761729,147.618667,27144.24,INACTIVE
SAT00775,-65.663183,-43.502713,8546.91,ACTIVE
SAT00776,-24.066598,-85.147083,33709.73,MAINTENANCE
SAT00777,-29.509304,-119.601159,12373.37,MAINTENANCE
SAT00778,-84.432147,113.805271,12487.27,MAINTENANCE
SAT00779,-87.296066,-56.012289,24343.57,INACTIVE
SAT00780,-41.541611,142.056942,20168.98,MAINTENANCE
SAT00781,-17.454592,-96.114313,18123.15,ACTIVE
SAT00782,-3.537839,-95.548269,32221.77,MAINTENANCE
SAT00783,49.830044,-22.32279,7692.35,MAINTENANCE
SAT00784,-73.985309,170.378469,9291.15,INACTIVE
SAT00785,-50.998687,-104.250053,30634.87,INACTIVE
SAT00786,19.377473,-64.87913,22934.38,INACTIVE
SAT00787,32.650355,46.758885,4779.84,MAINTENANCE
SAT00788,-26.489776,3.839428,24251.06,INACTIVE
SAT00789,48.40467,49.016377,4859.57,ACTIVE
SAT00790,-39.275435,36.171344,33986.69,ACTIVE
SAT00791,-12.271722,-138.595903,33903.64,INACTIVE
SAT00792,-24.751445,38.901082,17968.51,INACTIVE
SAT00793,65.208582,-111.725728,4377.46,INACTIVE
SAT00794,34.929831,95.420395,1418.64,INACTIVE
SAT00795,-16.088825,21.703631,30427.61,ACTIVE
SAT00796,-23.229907,111.053197,15920.36,ACTIVE
SAT00797,-46.288452,-105.753287,22175.98,INACTIVE
SAT00798,17.946866,152.533329,33627.32,MAINTENANCE
SAT00799,25.980101,-97.410972,22893.87,INACTIVE
SAT00800,13.154114,68.920445,4920.78,ACTIVE
SAT00801,64.984468,-18.973887,31982.12,ACTIVE
SAT00802,43.62325,-92.678188,9327.63,MAINTENANCE
SAT00803,-18.255352,2.921254,26123.81,MAINTENANCE
SAT00804,-76.770674,28.74329,35030.24,INACTIVE
SAT00805,38.736552,117.971711,28432.03,MAINTENANCE
SAT00806,-1.861137,-93.191123,23165.7,ACTIVE
SAT00807,50.235309,-11.308105,23801.44,MAINTENANCE
SAT00808,-48.400148,-69.126315,31820.26,INACTIVE
SAT00809,-58.347194,123.682539,11405.75,ACTIVE
SAT00810,-43.034975,-119.044305,27424.6,INACTIVE
SAT00811,-26.942313,149.606445,19341.33,INACTIVE
SAT00812,-72.741314,153.28514,3548.31,INACTIVE
SAT00813,-22.094889,-151.368083,22571.32,MAINTENANCE
SAT00814,-81.469687,-104.066826,23909.73,MAINTENANCE
SAT00815,-31.728083,25.112063,26093.53,ACTIVE
SAT00816,37.386159,110.546442,21586.18,ACTIVE
SAT00817,56.466808,-24.995218,1401.49,MAINTENANCE
SAT00818,-15.962887,-24.64163,25451.28,ACTIVE
SAT00819,10.744992,-117.161729,25357.22,MAINTENANCE
SAT00820,3.664327,-143.385681,10107.66,ACTIVE
SAT00821,-26.204544,139.571107,12319.03,MAINTENANCE
SAT00822,60.270724,167.452667,18444.43,INACTIVE
SAT00823,24.617157,-128.864606,6492.9,ACTIVE
SAT00824,16.978103,84.250456,6300.83,ACTIVE
SAT00825,60.002069,163.005156,18683.89,INACTIVE
SAT00826,53.474397,-177.938698,35972.61,ACTIVE
SAT00827,14.284551,20.151466,12246.32,MAINTENANCE
SAT00828,8.061626,-12.716696,27827.54,INACTIVE
SAT00829,-79.747275,179.995997,27105.24,ACTIVE
SAT00830,-45.000402,-104.70989,18722.95,MAINTENANCE
SAT00831,22.496226,176.763712,30636.46,INACTIVE
SAT00832,-43.819431,135.460837,19389.58,INACTIVE
SAT00833,-64.569589,-98.014817,392.16,MAINTENANCE
SAT00834,42.539673,-105.510526,1381.51,MAINTENANCE
SAT00835,-44.56841,-123.370514,28974.02,ACTIVE
SAT00836,-4.516373,176.907001,8585.91,MAINTENANCE
SAT00837,-75.091862,-74.774976,35601.08,INACTIVE
SAT00838,62.996972,127.193595,20227.26,ACTIVE
SAT00839,28.608632,83.191683,4148.92,INACTIVE
SAT00840,4.60677,-38.184638,22917.2,INACTIVE
SAT00841,11.60573,-50.792731,25934.16,MAINTENANCE
SAT00842,7.941501,-83.615372,34455.33,ACTIVE
SAT00843,-84.203824,111.03453,14148.93,INACTIVE
SAT00844,66.804461,-99.071623,31608.18,INACTIVE
SAT00845,67.064469,63.155749,31853.93,INACTIVE
SAT00846,68.678713,-0.448541,11874.57,ACTIVE
SAT00847,66.323592,47.805152,11154.11,MAINTENANCE
SAT00848,-85.531688,7.891146,34181.84,INACTIVE
SAT00849,-89.089537,78.593847,22772.0,ACTIVE
SAT00850,-50.385149,22.104032,10807.69,MAINTENANCE
SAT00851,-56.175672,67.26073,6480.86,ACTIVE
SAT00852,64.888523,71.063129,11943.24,ACTIVE
SAT00853,-22.563162,-148.997645,1063.27,MAINTENANCE
SAT00854,29.253194,-61.056699,5266.88,ACTIVE
SAT00855,9.137052,-11.326902,23947.3,INACTIVE
SAT00856,-29.534439,-150.459194,23626.87,ACTIVE
SAT00857,86.187425,145.13912,25900.88,MAINTENANCE
SAT00858,-76.834085,159.251762,20865.51,ACTIVE
SAT00859,-83.913407,37.683824,24692.39,ACTIVE
SAT00860,-61.35861,72.065679,29476.85,ACTIVE
SAT00861,18.589906,-6.081831,24387.69,ACTIVE
SAT00862,61.645336,160.291567,8068.59,MAINTENANCE
SAT00863,-33.747693,54.429928,18125.43,ACTIVE
SAT00864,11.579634,5.19356,4725.85,INACTIVE
SAT00865,-24.137357,-71.667806,18740.28,MAINTENANCE
SAT00866,86.738506,59.160532,15938.46,MAINTENANCE
SAT00867,5.475257,-119.261825,1052.14,ACTIVE
SAT00868,-28.261431,-132.483594,31174.14,INACTIVE
SAT00869,11.346205,-38.253803,22856.93,INACTIVE
SAT00870,69.879402,66.551495,35841.14,INACTIVE
SAT00871,13.622517,-135.953981,32473.43,MAINTENANCE
SAT00872,-58.578368,-145.69514,21993.53,INACTIVE
SAT00873,35.251859,-46.058534,3770.03,ACTIVE
SAT00874,-6.607981,0.040914,2765.74,ACTIVE
SAT00875,-88.836738,70.254387,18546.59,MAINTENANCE
SAT00876,-31.23758,-59.951969,1410.53,ACTIVE
SAT00877,-14.134565,76.329207,8440.63,ACTIVE
SAT00878,-22.921766,30.557372,27738.78,INACTIVE
SAT00879,25.942599,-75.268257,8269.13,ACTIVE
SAT00880,-23.635089,-178.513564,6851.15,ACTIVE
SAT00881,25.550866,-20.028407,25020.37,INACTIVE
SAT00882,-88.551512,-4.674848,27256.22,ACTIVE
SAT00883,-21.880754,-174.375962,34832.68,MAINTENANCE
SAT00884,-33.293808,135.273953,10332.54,ACTIVE
SAT00885,2.505834,37.371443,21304.89,INACTIVE
SAT00886,54.530387,78.712837,20293.82,INACTIVE
SAT00887,-29.452027,171.931214,30016.32,ACTIVE
SAT00888,87.335011,0.957335,33733.8,ACTIVE
SAT00889,56.481714,104.91834,28874.17,MAINTENANCE
SAT00890,65.99069,43.863757,26164.9,INACTIVE
SAT00891,-81.153598,62.391785,26248.21,ACTIVE
SAT00892,-73.534869,-102.036856,1343.56,ACTIVE
SAT00893,-6.969483,18.748479,12391.53,ACTIVE
SAT00894,45.70733,-157.117498,22556.69,INACTIVE
SAT00895,11.202988,0.393255,15588.56,INACTIVE
SAT00896,-35.088584,-52.549488,34631.03,ACTIVE
SAT00897,44.142289,-36.932603,3186.9,INACTIVE
SAT00898,28.09904,-58.009773,12548.81,ACTIVE
SAT00899,49.587093,-21.891568,7661.55,INACTIVE
SAT00900,-23.945659,17.383444,24847.88,ACTIVE
SAT00901,39.623948,-99.875187,19921.55,MAINTENANCE
SAT00902,66.285741,-33.759443,8144.09,ACTIVE
SAT00903,-72.231685,161.952487,20020.44,MAINTENANCE
SAT00904,22.46618,59.874074,34282.01,ACTIVE
SAT00905,60.015859,154.708986,16214.95,INACTIVE
SAT00906,-23.725033,179.063014,25202.77,MAINTENANCE
SAT00907,-80.125372,164.746649,23901.42,INACTIVE
SAT00908,-56.173384,-135.597448,9307.56,INACTIVE
SAT00909,9.10375,-127.353639,19701.93,MAINTENANCE
SAT00910,4.087808,-17.29951,3070.84,INACTIVE
SAT00911,63.490907,-29.414107,11458.71,INACTIVE
SAT00912,39.075045,-133.37594,34974.51,ACTIVE
SAT00913,-78.68479,142.89926,31458.88,ACTIVE
SAT00914,-12.168173,-58.320473,26924.7,MAINTENANCE
SAT00915,-39.278938,-81.340398,10103.43,INACTIVE
SAT00916,-86.742535,176.890814,28025.56,MAINTENANCE
SAT00917,-8.235629,102.723264,26439.35,INACTIVE
SAT00918,-64.336381,64.588517,9925.96,MAINTENANCE
SAT00919,51.581397,161.505564,23203.54,MAINTENANCE
SAT00920,-47.326677,-176.207946,19601.1,INACTIVE
SAT00921,88.302964,42.148752,10109.81,INACTIVE
SAT00922,-37.728218,-138.53816,24156.98,ACTIVE
SAT00923,-87.848969,-49.251108,12421.24,ACTIVE
SAT00924,-48.980382,-51.433096,12339.26,MAINTENANCE
SAT00925,-44.973521,-111.607141,2276.02,INACTIVE
SAT00926,-31.604508,117.890506,4280.74,MAINTENANCE
SAT00927,79.330245,117.19898,13445.71,ACTIVE
SAT00928,-73.300922,66.605489,35821.56,MAINTENANCE
SAT00929,70.938059,-3.05995,11776.51,ACTIVE
SAT00930,-66.253504,-96.151054,3524.73,INACTIVE
SAT00931,33.804208,107.50738,20156.28,ACTIVE
SAT00932,-79.6083,167.56732,17829.7,INACTIVE
SAT00933,28.652022,-155.771933,12801.11,MAINTENANCE
SAT00934,-33.060251,-162.458402,29929.02,INACTIVE
SAT00935,55.796737,-121.286618,17119.35,MAINTENANCE
SAT00936,-6.137552,-178.837319,30072.21,MAINTENANCE
SAT00937,-4.685054,73.163307,4731.16,ACTIVE
SAT00938,76.66791,33.57998,23050.3,ACTIVE
SAT00939,-52.451309,8.507714,16841.34,MAINTENANCE
SAT00940,-85.433967,-151.162418,12796.82,ACTIVE
SAT00941,-6.034572,-17.630411,20828.09,ACTIVE
SAT00942,74.61852,50.867753,19036.81,ACTIVE
SAT00943,66.670288,-3.293231,21772.5,ACTIVE
SAT00944,29.43519,-80.13464,24549.24,MAINTENANCE
SAT00945,62.930171,104.973756,35840.4,INACTIVE
SAT00946,-47.625758,53.901654,31265.63,MAINTENANCE
SAT00947,38.972802,-145.282335,2176.65,ACTIVE
SAT00948,29.574734,63.048528,12552.44,ACTIVE
SAT00949,34.229658,58.165761,22029.14,ACTIVE
SAT00950,-7.156256,0.490057,29936.89,ACTIVE
SAT00951,7.577759,31.751111,20147.56,INACTIVE
SAT00952,-58.453983,-178.235334,9239.69,INACTIVE
SAT00953,36.945375,20.472359,9550.2,INACTIVE
SAT00954,-24.076312,-19.053449,11399.76,MAINTENANCE
SAT00955,48.645254,-24.009772,1049.09,ACTIVE
SAT00956,-76.333252,62.900191,13366.65,INACTIVE
SAT00957,-63.509912,44.147116,14860.72,MAINTENANCE
SAT00958,-29.594225,31.786553,422.09,MAINTENANCE
SAT00959,-88.188035,-47.598884,31822.23,MAINTENANCE
SAT00960,-24.017427,-35.404347,26157.1,ACTIVE
SAT00961,68.11576,27.759602,24334.92,MAINTENANCE
SAT00962,87.158512,136.948448,20860.94,INACTIVE
SAT00963,-26.170615,-161.548623,23485.69,ACTIVE
SAT00964,17.515551,-145.020198,2218.41,ACTIVE
SAT00965,-56.867295,-84.280263,25232.51,ACTIVE
SAT00966,60.227674,-127.422799,7396.72,INACTIVE
SAT00967,22.649432,18.372263,21253.41,INACTIVE
SAT00968,26.273761,159.233829,4535.37,INACTIVE
SAT00969,-5.325405,-117.737709,9470.23,INACTIVE
SAT00970,17.676625,-118.493011,27201.86,ACTIVE
SAT00971,12.556952,142.412774,4773.62,ACTIVE
SAT00972,-31.276452,9.473954,19408.61,INACTIVE
SAT00973,-86.675584,108.820842,27464.96,ACTIVE
SAT00974,-88.785976,177.883385,20296.88,MAINTENANCE
SAT00975,12.943335,129.371152,31708.44,ACTIVE
SAT00976,76.969809,-18.866314,712.57,MAINTENANCE
SAT00977,69.962804,-89.793687,10408.8,ACTIVE
SAT00978,48.424264,141.112719,19548.92,INACTIVE
SAT00979,35.205008,-160.82047,30698.5,INACTIVE
SAT00980,9.999251,-152.072358,13020.41,MAINTENANCE
SAT00981,13.241651,-167.513372,1634.29,INACTIVE
SAT00982,17.69348,-12.94862,21223.53,MAINTENANCE
SAT00983,13.899507,66.720758,27009.43,MAINTENANCE
SAT00984,-1.579846,-169.690034,20169.23,INACTIVE
SAT00985,-76.835983,167.051431,21821.23,MAINTENANCE
SAT00986,21.241269,-40.390349,2319.32,MAINTENANCE
SAT00987,-21.749392,132.335306,1234.93,ACTIVE
SAT00988,-12.599028,-36.673434,34551.57,INACTIVE
SAT00989,-31.389615,56.385696,24920.1,ACTIVE
SAT00990,-25.669772,19.259222,30218.04,MAINTENANCE
SAT00991,79.866634,-170.706955,16987.49,INACTIVE
SAT00992,-71.12903,-34.303289,19795.44,INACTIVE
SAT00993,25.040646,179.998516,20129.79,ACTIVE
SAT00994,3.029035,169.108529,15099.37,MAINTENANCE
SAT00995,-6.617348,157.43541,24707.39,ACTIVE
SAT00996,-84.04059,-111.008198,10921.33,ACTIVE
SAT00997,-36.523624,151.014288,26968.38,INACTIVE
SAT00998,-79.164269,112.311958,30902.71,INACTIVE
SAT00999,-58.458399,-44.197864,312.9,MAINTENANCE
SAT01000,20.63959,-119.361788,9899.09,ACTIVE
SAT01001,-70.370564,61.476782,16344.22,MAINTENANCE
SAT01002,20.954617,-37.058172,20597.29,INACTIVE
SAT01003,-46.436871,-87.794271,29933.02,MAINTENANCE
SAT01004,-3.501657,-11.111929,6871.29,ACTIVE
SAT01005,64.360749,86.895455,27471.3,MAINTENANCE
SAT01006,-47.556833,-56.047993,24694.63,ACTIVE
SAT01007,-49.801903,151.443742,30719.45,MAINTENANCE
SAT01008,-39.578842,-137.208993,18249.42,MAINTENANCE
SAT01009,-61.328418,-3.691685,9158.74,MAINTENANCE
SAT01010,-10.056441,-106.22022,13973.22,ACTIVE
SAT01011,-45.007956,-154.687952,1818.0,MAINTENANCE
SAT01012,27.908896,-16.182634,24273.62,ACTIVE
SAT01013,-18.473807,-129.119371,23933.71,ACTIVE
SAT01014,35.524015,-78.7254,35391.47,MAINTENANCE
SAT01015,21.304972,-100.615395,23633.3,ACTIVE
SAT01016,9.185692,152.451312,14025.88,ACTIVE
SAT01017,-88.82476,178.479678,24633.31,MAINTENANCE
SAT01018,68.22687,-88.950687,1850.65,MAINTENANCE
SAT01019,-54.144997,-21.117238,14943.13,INACTIVE
SAT01020,-70.149875,-33.827035,17978.79,MAINTENANCE
SAT01021,-79.2693,125.934374,11546.13,MAINTENANCE
SAT01022,-67.421654,102.605467,5738.41,INACTIVE
SAT01023,51.042507,-156.155504,17860.24,INACTIVE
SAT01024,20.874304,-49.075316,24902.16,MAINTENANCE
SAT01025,-64.907186,56.116786,28904.25,INACTIVE
SAT01026,51.750204,38.556732,34531.04,MAINTENANCE
SAT01027,-72.034933,-80.861393,28604.07,INACTIVE
SAT01028,-33.648296,-41.838221,27601.31,INACTIVE
SAT01029,67.171256,-153.663389,14122.06,MAINTENANCE
SAT01030,25.344195,41.266504,33683.78,MAINTENANCE
SAT01031,-86.657397,111.353857,9023.36,MAINTENANCE
SAT01032,-22.834952,106.767758,5729.17,MAINTENANCE
SAT01033,36.799001,-141.765672,34169.84,MAINTENANCE
SAT01034,88.936735,-85.478158,32753.37,MAINTENANCE
SAT01035,-18.478357,-75.712082,947.65,INACTIVE
SAT01036,16.180655,-116.582865,29067.57,ACTIVE
SAT01037,58.726833,-94.182518,11055.44,MAINTENANCE
SAT01038,-46.323566,63.563954,26804.46,ACTIVE
SAT01039,-84.929428,156.771677,6871.18,MAINTENANCE
SAT01040,-53.033642,-128.93622,33871.28,MAINTENANCE
SAT01041,-22.865093,27.105058,9988.37,MAINTENANCE
SAT01042,-54.087994,31.474564,27407.49,MAINTENANCE
SAT01043,-21.29837,-81.22459,17177.81,MAINTENANCE
SAT01044,49.317807,145.398591,4953.63,ACTIVE
SAT01045,48.803119,169.691479,35034.93,MAINTENANCE
SAT01046,-57.244394,3.140355,34285.16,MAINTENANCE
SAT01047,28.227925,156.354913,23066.38,MAINTENANCE
SAT01048,-35.559325,-130.946526,9264.94,INACTIVE
SAT01049,-51.264842,-111.931818,18149.86,ACTIVE
SAT01050,77.896518,-71.213198,22523.14,INACTIVE
SAT01051,-8.981644,-122.852148,34759.47,ACTIVE
SAT01052,46.583054,88.824207,30792.49,ACTIVE
SAT01053,-18.121248,142.245786,26684.91,INACTIVE
SAT01054,-15.100874,-41.028265,10930.81,MAINTENANCE
SAT01055,37.175096,-88.610348,8869.48,ACTIVE
SAT01056,22.485409,-106.582331,5052.05,ACTIVE
SAT01057,-89.506346,80.827604,14155.99,MAINTENANCE
SAT01058,52.244063,-97.875474,20837.75,MAINTENANCE
SAT01059,85.768774,176.492652,5832.05,ACTIVE
SAT01060,-86.038393,42.942951,8182.98,INACTIVE
SAT01061,-4.816223,120.469517,33206.1,ACTIVE
SAT01062,-15.624457,-94.685891,28119.53,INACTIVE
SAT01063,51.738225,-33.261908,34597.17,MAINTENANCE
SAT01064,77.520963,-37.226896,23208.01,INACTIVE
SAT01065,-16.84401,164.791922,25398.29,MAINTENANCE
SAT01066,81.994582,-63.540063,15433.55,INACTIVE
SAT01067,-60.387218,151.303991,18995.77,MAINTENANCE
SAT01068,37.230879,-164.66674,12989.16,MAINTENANCE
SAT01069,-8.454395,-96.572185,24824.85,MAINTENANCE
SAT01070,-56.703343,107.139032,17604.55,MAINTENANCE
SAT01071,-12.892221,-10.787007,6100.83,MAINTENANCE
SAT01072,29.379254,157.965667,2207.08,ACTIVE
SAT01073,63.935064,-110.451654,18710.68,INACTIVE
SAT01074,89.637262,-68.517982,8647.3,ACTIVE
SAT01075,-3.977222,71.909219,10715.84,ACTIVE
SAT01076,-35.005848,-148.102735,32559.74,ACTIVE
SAT01077,16.462403,138.933453,11683.27,MAINTENANCE
SAT01078,79.182184,-165.104709,22631.76,INACTIVE
SAT01079,55.868811,27.736433,34686.68,ACTIVE
SAT01080,32.30369,-158.090571,12303.02,ACTIVE
SAT01081,-74.608884,-76.281137,32630.31,MAINTENANCE
SAT01082,-85.356814,117.662127,6773.67,MAINTENANCE
SAT01083,77.555975,-14.099249,10102.66,MAINTENANCE
SAT01084,70.054548,74.746597,15649.96,MAINTENANCE
SAT01085,65.395565,-18.65824,11532.37,INACTIVE
SAT01086,-74.406261,-39.562783,29735.62,MAINTENANCE
SAT01087,48.402552,-91.243571,30656.81,INACTIVE
SAT01088,5.124659,-82.964435,25737.07,ACTIVE
SAT01089,-50.962261,-145.912302,30335.72,MAINTENANCE
SAT01090,-88.20168,-13.122208,24671.89,ACTIVE
SAT01091,85.09932,25.490164,18056.37,ACTIVE
SAT01092,33.457817,54.842514,17495.54,MAINTENANCE
SAT01093,-55.652911,177.400745,15583.08,ACTIVE
SAT01094,-20.90686,-84.95548,906.82,ACTIVE
SAT01095,-86.362903,35.660278,34319.12,MAINTENANCE
SAT01096,-12.236494,17.670916,8017.57,MAINTENANCE
SAT01097,-21.341231,-152.164467,32410.19,MAINTENANCE
SAT01098,-13.864095,132.110125,31527.06,ACTIVE
SAT01099,-21.799405,-77.074267,22707.46,ACTIVE
SAT01100,-28.739615,-153.084232,13669.97,ACTIVE
SAT01101,-47.61752,96.122221,18108.97,INACTIVE
SAT01102,70.54912,-153.948311,14651.54,INACTIVE
SAT01103,9.129728,-0.876358,35275.01,INACTIVE
SAT01104,-76.212848,154.62187,22224.52,ACTIVE
SAT01105,41.81646,-153.535906,28286.23,ACTIVE
SAT01106,-65.122285,-58.467695,22331.48,MAINTENANCE
SAT01107,81.537599,7.813735,24239.67,ACTIVE
SAT01108,63.027866,168.108591,31586.63,INACTIVE
SAT01109,-20.123919,90.540277,1212.58,INACTIVE
SAT01110,-77.913991,71.129465,5152.11,ACTIVE
SAT01111,-11.149385,143.068788,19441.49,INACTIVE
SAT01112,87.798862,122.319185,17815.74,ACTIVE
SAT01113,-86.633512,-122.290588,31194.33,INACTIVE
SAT01114,-43.593607,-153.52099,31366.69,INACTIVE
SAT01115,-0.549036,-70.781506,24545.16,MAINTENANCE
SAT01116,-34.495748,129.966207,30173.62,ACTIVE
SAT01117,-60.187304,-3.033355,32092.88,INACTIVE
SAT01118,-15.44437,-27.650941,27841.06,MAINTENANCE
SAT01119,11.824099,-70.249061,8520.57,ACTIVE
SAT01120,7.751203,-142.515921,8202.67,INACTIVE
SAT01121,-67.784806,-148.682502,7009.43,ACTIVE
SAT01122,8.972096,124.275716,3418.33,MAINTENANCE
SAT01123,-87.023515,117.285622,3117.69,MAINTENANCE
SAT01124,83.433517,-10.46559,23517.82,INACTIVE
SAT01125,-50.503753,-38.348261,15601.49,INACTIVE
SAT01126,-13.505472,-12.963079,21149.16,MAINTENANCE
SAT01127,89.368591,-99.161165,5967.69,INACTIVE
SAT01128,44.492055,152.408374,4451.27,ACTIVE
SAT01129,74.434705,-101.760187,2618.41,INACTIVE
SAT01130,-59.92306,104.144307,17885.91,MAINTENANCE
SAT01131,44.914843,-132.712656,17595.96,MAINTENANCE
SAT01132,-47.772406,3.084354,26387.3,INACTIVE
SAT01133,-81.704354,-122.236763,29981.64,INACTIVE
SAT01134,-48.158131,34.861834,13672.22,MAINTENANCE
SAT01135,-59.050965,131.869605,17897.34,MAINTENANCE
SAT01136,18.218301,159.591204,32685.23,MAINTENANCE
SAT01137,-58.741922,-121.732188,26792.68,ACTIVE
SAT01138,49.097309,41.430908,22864.13,MAINTENANCE
SAT01139,49.206966,-175.343473,8231.58,ACTIVE
SAT01140,-59.656525,128.617388,10337.07,INACTIVE
SAT01141,47.384747,145.539078,22905.66,ACTIVE
SAT01142,-5.697819,-160.751987,22450.94,MAINTENANCE
SAT01143,37.976957,100.58292,1011.0,MAINTENANCE
SAT01144,-56.278612,-59.91925,3162.36,MAINTENANCE
SAT01145,-16.83326,115.019941,30679.82,INACTIVE
SAT01146,81.60221,125.77956,23674.27,INACTIVE
SAT01147,-39.097221,47.537742,18786.21,ACTIVE
SAT01148,74.681395,45.496287,8915.33,MAINTENANCE
SAT01149,11.794788,-37.382528,8437.12,ACTIVE
SAT01150,36.380614,-136.345418,10090.82,ACTIVE
SAT01151,76.608139,18.024128,5177.43,ACTIVE
SAT01152,-25.970998,-77.451636,18371.31,ACTIVE
SAT01153,46.163733,-79.469563,18663.42,INACTIVE
SAT01154,79.289116,46.004997,35169.84,ACTIVE
SAT01155,-42.0172,-159.831561,13709.84,INACTIVE
SAT01156,-58.685286,172.698746,34331.92,INACTIVE
SAT01157,50.588351,-168.074981,7637.43,INACTIVE
SAT01158,-12.847089,115.49109,26672.72,ACTIVE
SAT01159,74.116037,20.844882,21840.91,INACTIVE
SAT01160,57.438245,-92.795939,26755.49,ACTIVE
SAT01161,-72.640013,100.547673,19984.07,INACTIVE
SAT01162,-31.002888,-40.502374,10783.77,INACTIVE
SAT01163,24.037054,-147.792936,9985.63,ACTIVE
SAT01164,13.477263,78.885436,31265.64,INACTIVE
SAT01165,-3.089804,45.538273,26649.37,MAINTENANCE
SAT01166,-31.857767,-155.527676,29986.4,MAINTENANCE
SAT01167,-71.586218,-97.265493,32647.6,ACTIVE
SAT01168,32.630316,-105.80728,28861.55,ACTIVE
SAT01169,76.052445,51.760874,27076.88,ACTIVE
SAT01170,41.734887,-76.783359,32372.92,MAINTENANCE
SAT01171,-89.09956,0.270608,14462.7,MAINTENANCE
SAT01172,-5.017197,54.039117,5281.17,ACTIVE
SAT01173,88.41943,127.584704,26552.74,INACTIVE
SAT01174,1.127599,-69.08563,21321.26,INACTIVE
SAT01175,-74.454929,32.977993,27174.55,INACTIVE
SAT01176,-46.372391,-111.900987,3854.88,ACTIVE
SAT01177,9.265356,38.220613,21681.96,ACTIVE
SAT01178,80.263889,-163.58895,14558.18,INACTIVE
SAT01179,74.789345,105.349306,5991.62,MAINTENANCE
SAT01180,-35.38873,94.164418,13554.75,ACTIVE
SAT01181,-59.250715,176.518852,4177.49,INACTIVE
SAT01182,-86.302413,-146.86219,9323.19,INACTIVE
SAT01183,24.288072,55.468412,15949.33,MAINTENANCE
SAT01184,-48.613237,-173.282979,8342.27,INACTIVE
SAT01185,28.507633,89.255712,21726.01,ACTIVE
SAT01186,-4.467853,-159.164707,8813.29,ACTIVE
SAT01187,75.560904,70.881763,15806.25,INACTIVE
SAT01188,11.464026,-129.455537,12838.75,ACTIVE
SAT01189,29.109342,-108.32841,14452.47,MAINTENANCE
SAT01190,-35.44962,-149.772087,4117.37,ACTIVE
SAT01191,-85.235346,-77.66495,15959.13,ACTIVE
SAT01192,-63.703493,-116.605758,18011.72,INACTIVE
SAT01193,30.280891,-155.892219,21346.88,INACTIVE
SAT01194,-77.225369,15.950472,16912.67,INACTIVE
SAT01195,-26.216449,-117.970489,15266.29,MAINTENANCE
SAT01196,-2.296742,-96.752391,639.68,MAINTENANCE
SAT01197,66.7074,-27.907125,217.1,INACTIVE
SAT01198,8.981724,72.307292,31197.26,MAINTENANCE
SAT01199,-83.751383,-132.569688,631.46,INACTIVE
SAT01200,-32.14647,-152.469537,21198.28,INACTIVE
SAT01201,0.541005,54.874838,32406.0,ACTIVE
SAT01202,36.04665,-7.995531,33932.7,MAINTENANCE
SAT01203,38.693225,-120.876227,9736.1,ACTIVE
SAT01204,-72.210103,176.631396,12270.47,MAINTENANCE
SAT01205,51.847517,117.340535,15510.07,MAINTENANCE
SAT01206,39.553301,165.597639,11312.7,ACTIVE
SAT01207,-6.108665,147.910105,22955.07,ACTIVE
SAT01208,33.966656,-86.749266,664.66,INACTIVE
SAT01209,48.200374,137.060221,25046.37,ACTIVE
SAT01210,-88.792633,52.35495,17165.75,MAINTENANCE
SAT01211,-1.275842,131.980284,33532.51,MAINTENANCE
SAT01212,-52.019427,-107.763152,7372.62,ACTIVE
SAT01213,60.525716,-177.429078,20230.17,MAINTENANCE
SAT01214,-36.013948,65.8902,10924.48,ACTIVE
SAT01215,25.242549,23.072245,30282.68,MAINTENANCE
SAT01216,81.502354,-154.565422,19631.06,MAINTENANCE
SAT01217,-71.837575,33.612129,8980.64,ACTIVE
SAT01218,7.389277,-56.179684,19537.16,ACTIVE
SAT01219,58.680137,-40.841043,29653.22,INACTIVE
SAT01220,-2.807468,-52.645533,18922.12,MAINTENANCE
SAT01221,14.543918,107.539298,27935.81,MAINTENANCE
SAT01222,-25.275995,-69.633026,10349.41,INACTIVE
SAT01223,-84.666039,-94.327629,31004.21,MAINTENANCE
SAT01224,-40.462221,-58.085378,4824.59,INACTIVE
SAT01225,-7.445899,122.468462,21671.05,INACTIVE
SAT01226,35.392229,-43.456286,2003.98,ACTIVE
SAT01227,-86.787383,87.842614,12042.39,ACTIVE
SAT01228,73.36032,40.307296,33490.35,MAINTENANCE
SAT01229,-86.649154,59.85792,21636.7,INACTIVE
SAT01230,30.456064,170.170126,18512.6,ACTIVE
SAT01231,-32.307938,-126.575247,6447.4,INACTIVE
SAT01232,-54.207474,-6.996361,4853.09,ACTIVE
SAT01233,9.566241,-152.890579,18932.89,INACTIVE
SAT01234,-75.717075,-34.738727,33376.41,INACTIVE
SAT01235,64.816255,74.322636,12471.0,ACTIVE
SAT01236,-45.794481,87.899567,35840.97,ACTIVE
SAT01237,35.38993,-161.666726,15694.49,MAINTENANCE
SAT01238,-83.203192,-139.648539,33983.84,INACTIVE
SAT01239,0.437531,-144.694568,28406.64,MAINTENANCE
SAT01240,30.624903,25.80423,27496.47,ACTIVE
SAT01241,-74.173804,-166.90728,30536.19,MAINTENANCE
SAT01242,24.471968,-133.456559,10497.51,ACTIVE
SAT01243,66.335336,-28.43033,13996.84,INACTIVE
SAT01244,38.112771,0.868361,28438.39,MAINTENANCE
SAT01245,48.11161,-105.692645,24370.1,INACTIVE
SAT01246,-85.219439,-113.595326,28589.56,MAINTENANCE
SAT01247,34.887588,117.257768,35011.41,ACTIVE
SAT01248,-45.353234,-109.622703,31965.8,MAINTENANCE
SAT01249,-6.984682,-128.561382,15895.19,MAINTENANCE
SAT01250,-3.72526,-7.881722,13233.21,INACTIVE
SAT01251,36.218901,133.714179,14941.12,ACTIVE
SAT01252,53.516922,32.028217,35304.97,ACTIVE
SAT01253,19.089967,110.774391,35317.33,MAINTENANCE
SAT01254,-3.257426,93.704904,8535.78,INACTIVE
SAT01255,-76.875177,149.552217,5293.36,INACTIVE
SAT01256,-67.588681,-98.699464,14770.84,ACTIVE
SAT01257,-51.548903,-0.55771,16760.9,MAINTENANCE
SAT01258,63.249067,-48.740026,10272.88,ACTIVE
SAT01259,77.529201,50.432766,1870.24,INACTIVE
SAT01260,88.380773,-62.033419,13477.44,INACTIVE
SAT01261,-53.935481,34.050912,21823.28,INACTIVE
SAT01262,-47.132126,-57.488487,19798.97,MAINTENANCE
SAT01263,-15.635304,-178.505586,20931.72,MAINTENANCE
SAT01264,22.34191,-106.39676,25873.7,INACTIVE
SAT01265,-82.29997,-53.944984,9516.43,ACTIVE
SAT01266,52.051981,22.14467,32273.83,MAINTENANCE
SAT01267,39.245621,25.039909,1273.71,ACTIVE
SAT01268,-37.386323,114.151022,16485.26,INACTIVE
SAT01269,25.527561,65.642136,7152.97,ACTIVE
SAT01270,3.288064,75.478513,14341.36,ACTIVE
SAT01271,88.212745,-165.639989,13958.68,MAINTENANCE
SAT01272,86.029689,164.817434,20651.4,MAINTENANCE
SAT01273,-36.068156,-86.290196,33498.0,ACTIVE
SAT01274,8.745346,76.461204,35856.08,INACTIVE
SAT01275,58.352536,24.443624,25032.37,MAINTENANCE
SAT01276,-79.353662,21.711116,307.95,MAINTENANCE
SAT01277,-29.030226,-86.853078,30155.45,ACTIVE
SAT01278,77.208008,-27.319155,567.2,MAINTENANCE
SAT01279,-85.132454,51.890304,27707.18,MAINTENANCE
SAT01280,-81.998918,-10.184678,19307.91,MAINTENANCE
SAT01281,-86.64355,40.943783,19938.2,MAINTENANCE
SAT01282,71.19434,151.112229,8202.75,INACTIVE
SAT01283,-17.39257,-179.121396,13983.59,ACTIVE
SAT01284,19.154076,-139.060773,11103.65,INACTIVE
SAT01285,-63.292765,8.609593,11843.45,INACTIVE
SAT01286,28.144618,154.619838,10639.0,ACTIVE
SAT01287,-69.643415,-137.507443,11875.37,MAINTENANCE
SAT01288,-56.073367,52.418455,30024.77,ACTIVE
SAT01289,-58.39229,-89.707284,33005.36,INACTIVE
SAT01290,9.006125,-109.315144,15775.31,MAINTENANCE
SAT01291,-41.337485,-43.121312,14432.64,MAINTENANCE
SAT01292,-36.208464,-122.52019,13091.77,MAINTENANCE
SAT01293,-79.174707,48.220744,18593.95,ACTIVE
SAT01294,75.180898,39.891264,2553.43,ACTIVE
SAT01295,-68.032562,7.097923,22791.64,INACTIVE
SAT01296,15.801185,-74.670036,21997.29,ACTIVE
SAT01297,1.424762,85.526492,16494.31,ACTIVE
SAT01298,77.672721,-138.745048,2474.72,INACTIVE
SAT01299,-77.932645,141.503597,3446.44,ACTIVE
SAT01300,-89.909963,-174.618942,22040.25,INACTIVE
SAT01301,-11.838096,-122.935022,7133.58,INACTIVE
SAT01302,-58.577176,105.362826,33724.84,MAINTENANCE
SAT01303,-30.052628,108.653364,4016.98,MAINTENANCE
SAT01304,13.947718,8.871818,18542.46,ACTIVE
SAT01305,56.537582,30.474468,33818.0,ACTIVE
SAT01306,20.989208,-171.828109,5930.63,ACTIVE
SAT01307,-38.025821,164.770814,34464.19,MAINTENANCE
SAT01308,74.709336,100.872409,2574.52,ACTIVE
SAT01309,-82.01446,-73.828687,27687.6,ACTIVE
SAT01310,-83.379089,-27.521923,28678.43,INACTIVE
SAT01311,-9.962673,112.079971,24658.21,MAINTENANCE
SAT01312,-73.480146,16.501911,20650.17,MAINTENANCE
SAT01313,-43.363967,-76.755976,20681.92,ACTIVE
SAT01314,89.854353,103.980591,6569.55,MAINTENANCE
SAT01315,35.187939,156.619287,10529.58,INACTIVE
SAT01316,22.671257,28.017124,25414.97,MAINTENANCE
SAT01317,-21.521727,-158.99109,15798.38,ACTIVE
SAT01318,-4.62103,135.672692,26524.31,MAINTENANCE
SAT01319,71.398436,-126.280152,15226.2,ACTIVE
SAT01320,-38.399234,23.099239,35218.23,MAINTENANCE
SAT01321,50.640203,-40.045242,6654.95,ACTIVE
SAT01322,-45.680613,-33.502817,29979.07,ACTIVE
SAT01323,34.569271,-152.477075,9003.19,ACTIVE
SAT01324,-29.411659,-154.986156,22602.9,MAINTENANCE
SAT01325,56.313977,-103.837702,20879.52,ACTIVE
SAT01326,26.00596,33.424344,5369.8,ACTIVE
SAT01327,-1.264066,178.505044,13006.96,ACTIVE
SAT01328,15.030221,-49.613804,21800.52,INACTIVE
SAT01329,-62.362069,40.575417,13764.81,ACTIVE
SAT01330,73.293182,88.716679,9543.83,ACTIVE
SAT01331,8.920356,-72.610661,4742.97,ACTIVE
SAT01332,12.300104,-134.215661,5489.11,ACTIVE
SAT01333,19.807653,101.292316,29858.1,MAINTENANCE
SAT01334,60.503624,92.885484,32331.09,ACTIVE
SAT01335,10.444436,-87.883855,33369.05,MAINTENANCE
SAT01336,29.774354,156.208119,15771.65,ACTIVE
SAT01337,-44.82576,-123.942876,18825.84,INACTIVE
SAT01338,-8.512483,120.09109,2444.11,ACTIVE
SAT01339,-24.258552,25.988703,27958.86,ACTIVE
SAT01340,39.317362,-17.109101,23707.47,ACTIVE
SAT01341,-80.681112,-127.357466,27890.22,MAINTENANCE
SAT01342,-40.711845,-55.823833,17655.07,ACTIVE
SAT01343,-32.063803,70.043621,34099.31,ACTIVE
SAT01344,53.659782,122.940477,12504.47,ACTIVE
SAT01345,27.972266,45.630517,2897.56,INACTIVE
SAT01346,-73.362669,137.372138,35211.41,INACTIVE
SAT01347,-86.176412,-166.359567,30723.41,MAINTENANCE
SAT01348,-56.98558,128.375643,6288.19,ACTIVE
SAT01349,-40.286823,154.623886,18033.42,MAINTENANCE
SAT01350,38.415532,71.943551,22417.92,MAINTENANCE
SAT01351,-82.585958,-150.099235,13408.78,INACTIVE
SAT01352,-4.081983,133.241296,24474.94,ACTIVE
SAT01353,51.803616,-27.330094,29561.1,INACTIVE
SAT01354,78.516667,167.069501,10369.18,ACTIVE
SAT01355,-33.243332,-54.509335,21575.59,INACTIVE
SAT01356,-47.586498,160.52611,14819.17,INACTIVE
SAT01357,68.733184,-153.923803,18879.98,INACTIVE
SAT01358,71.632212,98.081934,15048.38,INACTIVE
SAT01359,62.170744,115.984539,8728.41,INACTIVE
SAT01360,-14.482325,78.820218,20327.2,MAINTENANCE
SAT01361,-87.163912,117.318468,27393.4,INACTIVE
SAT01362,-74.144567,46.75176,21644.76,INACTIVE
SAT01363,7.160446,-46.297369,18075.8,MAINTENANCE
SAT01364,-46.877917,26.137789,12765.14,MAINTENANCE
SAT01365,87.485015,31.824583,29044.73,MAINTENANCE
SAT01366,89.732901,151.725196,10523.58,INACTIVE
SAT01367,54.432714,165.495764,31736.2,INACTIVE
SAT01368,26.642815,-1.677671,34116.27,ACTIVE
SAT01369,41.296476,-170.377503,26348.48,INACTIVE
SAT01370,71.00238,147.723977,23213.37,INACTIVE
SAT01371,28.876604,-56.48267,22905.34,MAINTENANCE
SAT01372,-7.538543,-139.127,1810.34,MAINTENANCE
SAT01373,38.03469,-152.84537,4769.79,MAINTENANCE
SAT01374,74.06327,167.31941,27693.68,INACTIVE
SAT01375,73.73198,174.685708,22200.38,ACTIVE
SAT01376,-34.124111,81.683001,2982.11,INACTIVE
SAT01377,-0.456266,-130.525522,6050.54,ACTIVE
SAT01378,47.070113,-17.834395,17673.79,MAINTENANCE
SAT01379,-25.665415,-152.336448,32312.36,MAINTENANCE
SAT01380,45.673101,124.78571,14683.0,ACTIVE
SAT01381,-56.899804,-89.671172,6806.18,ACTIVE
SAT01382,-45.86935,85.265111,9185.65,INACTIVE
SAT01383,-50.056226,-126.029265,32961.81,ACTIVE
SAT01384,-24.180298,-135.539784,24654.28,INACTIVE
SAT01385,-81.307274,80.356789,35578.13,MAINTENANCE
SAT01386,52.44875,-92.407522,29080.86,INACTIVE
SAT01387,73.83281,-1.561095,20345.94,INACTIVE
SAT01388,-20.067901,-120.422313,29580.25,INACTIVE
SAT01389,26.376036,78.729506,29555.2,INACTIVE
SAT01390,-25.7889,-62.343163,11663.04,MAINTENANCE
SAT01391,56.668824,-55.200653,10281.82,ACTIVE
SAT01392,-89.563535,-36.810731,19009.9,INACTIVE
SAT01393,-7.43533,-159.222302,5648.94,INACTIVE
SAT01394,46.025906,-175.282849,28277.22,ACTIVE
SAT01395,-4.56905,173.428095,30598.1,INACTIVE
SAT01396,-9.919475,60.203828,15048.4,ACTIVE
SAT01397,84.445836,-103.798454,21282.14,INACTIVE
SAT01398,56.277284,-81.736253,4107.74,INACTIVE
SAT01399,-21.485252,57.393296,32738.21,ACTIVE
SAT01400,52.517412,106.778026,17731.83,INACTIVE
SAT01401,-32.335064,145.250026,1443.15,ACTIVE
SAT01402,-71.452089,-115.948823,17857.25,MAINTENANCE
SAT01403,38.731684,59.484345,24336.05,INACTIVE
SAT01404,-65.0449,119.419232,34517.11,INACTIVE
SAT01405,69.978934,-30.385428,1476.86,INACTIVE
SAT01406,25.95985,-157.822762,35200.79,MAINTENANCE
SAT01407,80.463913,-10.348221,26033.74,INACTIVE
SAT01408,46.165047,122.287212,8859.34,INACTIVE
SAT01409,-66.954858,135.637986,5401.22,INACTIVE
SAT01410,-62.403804,108.213632,33628.06,INACTIVE
SAT01411,46.642278,-58.749255,10756.71,INACTIVE
SAT01412,-49.280213,-145.557206,6618.31,INACTIVE
SAT01413,30.279639,-8.562318,27184.45,INACTIVE
SAT01414,6.384957,-133.702864,27012.35,INACTIVE
SAT01415,-48.455869,-33.711257,27179.85,INACTIVE
SAT01416,72.431892,-143.761577,3430.77,INACTIVE
SAT01417,12.744751,170.868796,827.48,ACTIVE
SAT01418,65.800039,-137.400847,33717.84,MAINTENANCE
SAT01419,3.911226,-31.344029,2122.99,MAINTENANCE
SAT01420,-56.656159,125.776831,30923.78,ACTIVE
SAT01421,40.563888,-68.668501,13522.67,INACTIVE
SAT01422,-28.391771,-39.613405,19068.71,MAINTENANCE
SAT01423,-73.712033,131.442114,28254.77,MAINTENANCE
SAT01424,-83.478855,-3.293074,10938.26,INACTIVE
SAT01425,40.284574,76.6877,20512.59,MAINTENANCE
SAT01426,54.117508,91.943019,9813.2,INACTIVE
SAT01427,-12.920407,-70.095157,14577.46,MAINTENANCE
SAT01428,83.236868,169.514914,28807.98,ACTIVE
SAT01429,12.449001,100.786173,21660.36,ACTIVE
SAT01430,-68.802462,-31.333806,29486.49,INACTIVE
SAT01431,71.73076,179.951892,12601.1,ACTIVE
SAT01432,45.858425,-10.681504,17963.51,ACTIVE
SAT01433,59.30624,112.140728,12045.39,INACTIVE
SAT01434,-52.325673,-171.767002,10306.14,INACTIVE
SAT01435,-58.307951,-20.138547,19146.89,MAINTENANCE
SAT01436,-65.901999,-82.908262,12104.62,ACTIVE
SAT01437,7.67546,121.726713,29691.17,INACTIVE
SAT01438,-11.591731,90.392123,28432.53,MAINTENANCE
SAT01439,-83.752482,129.486251,25232.16,INACTIVE
SAT01440,3.516054,-86.36728,2835.34,INACTIVE
SAT01441,-4.74126,-19.464189,17539.62,ACTIVE
SAT01442,86.71106,118.310489,4204.43,MAINTENANCE
SAT01443,-50.534864,-87.01888,4064.83,MAINTENANCE
SAT01444,-39.333942,1.789311,22606.82,MAINTENANCE
SAT01445,87.652257,0.548834,27308.07,ACTIVE
SAT01446,78.736966,121.524734,11994.32,ACTIVE
SAT01447,44.066839,73.256682,10263.61,INACTIVE
SAT01448,30.743244,-14.268175,34037.25,INACTIVE
SAT01449,86.82138,21.381027,34167.82,MAINTENANCE
SAT01450,-78.923615,-154.65771,29562.58,INACTIVE
SAT01451,76.289485,8.743735,30159.53,INACTIVE
SAT01452,78.161772,73.575885,13814.02,INACTIVE
SAT01453,52.265149,127.730633,34743.74,MAINTENANCE
SAT01454,-22.777629,-124.060075,24926.14,MAINTENANCE
SAT01455,54.548818,14.696669,12182.45,INACTIVE
SAT01456,-12.298441,123.681198,17576.85,INACTIVE
SAT01457,-61.075319,146.115822,14731.1,INACTIVE
SAT01458,-81.074726,-98.518124,23993.44,INACTIVE
SAT01459,66.846034,45.750739,21175.72,INACTIVE
SAT01460,26.167466,-173.107896,1202.05,MAINTENANCE
SAT01461,21.460709,121.082335,12728.3,MAINTENANCE
SAT01462,85.296783,135.330971,7554.13,ACTIVE
SAT01463,79.028041,-88.11127,2463.27,ACTIVE
SAT01464,0.847368,177.086433,7614.01,INACTIVE
SAT01465,-61.327611,72.781295,9862.48,INACTIVE
SAT01466,29.892521,104.863281,1124.26,ACTIVE
SAT01467,-66.776594,10.098199,34986.65,MAINTENANCE
SAT01468,34.724178,68.598463,4520.79,INACTIVE
SAT01469,73.377915,129.042451,29804.62,ACTIVE
SAT01470,21.349919,-50.716197,14240.16,INACTIVE
SAT01471,-36.884687,179.315499,11526.31,INACTIVE
SAT01472,23.825316,20.333515,22884.17,ACTIVE
SAT01473,-89.075947,-163.254597,14610.01,MAINTENANCE
SAT01474,30.55695,87.540418,31717.59,MAINTENANCE
SAT01475,62.762996,126.793255,1066.31,INACTIVE
SAT01476,88.399453,13.575044,5771.84,ACTIVE
SAT01477,-88.8651,-133.28663,16402.4,INACTIVE
SAT01478,15.684634,-107.870323,16601.31,INACTIVE
SAT01479,79.199011,110.887036,33348.21,MAINTENANCE
SAT01480,-71.690312,-60.116447,21871.75,MAINTENANCE
SAT01481,31.362008,-134.45538,28898.55,ACTIVE
SAT01482,-48.154883,-174.694317,23144.02,ACTIVE
SAT01483,-17.741061,4.34821,13987.11,MAINTENANCE
SAT01484,55.777081,159.016006,23437.1,ACTIVE
SAT01485,60.122886,-99.513997,29346.97,MAINTENANCE
SAT01486,-22.424748,-18.567419,7352.97,MAINTENANCE
SAT01487,-39.244,22.714609,20000.34,MAINTENANCE
SAT01488,85.459526,-48.076471,21940.94,ACTIVE
SAT01489,32.013108,14.146825,22180.7,MAINTENANCE
SAT01490,-78.560877,42.515238,35132.96,MAINTENANCE
SAT01491,10.539693,147.084507,35316.14,ACTIVE
SAT01492,-42.33771,126.011012,8499.55,INACTIVE
SAT01493,11.003195,-20.918344,28787.78,ACTIVE
SAT01494,-33.648469,-149.1509,17182.33,ACTIVE
SAT01495,-52.754528,-143.915718,12860.56,ACTIVE
SAT01496,-30.961133,126.58862,12559.22,ACTIVE
SAT01497,-42.645043,-100.107562,13639.95,ACTIVE
SAT01498,-88.23793,92.944183,21806.35,ACTIVE
SAT01499,-69.599476,123.663543,319.08,INACTIVE
SAT01500,62.191421,-40.497797,13687.09,INACTIVE
SAT01501,79.226585,-38.202258,14802.08,MAINTENANCE
SAT01502,-17.133327,125.198519,18370.87,ACTIVE
SAT01503,-35.948213,-76.592405,13138.0,ACTIVE
SAT01504,1.088229,-8.271578,10268.78,ACTIVE
SAT01505,-69.578794,-98.403206,8875.28,INACTIVE
SAT01506,-27.79615,134.907883,29691.91,ACTIVE
SAT01507,71.419904,-125.882278,9915.48,INACTIVE
SAT01508,11.338107,159.74932,23357.65,ACTIVE
SAT01509,50.12828,-140.880522,25278.73,MAINTENANCE
SAT01510,49.182612,84.253558,30748.82,INACTIVE
SAT01511,1.990339,108.861733,375.57,INACTIVE
SAT01512,-4.462015,-147.927552,35815.01,ACTIVE
SAT01513,39.412958,139.612811,1732.0,ACTIVE
SAT01514,17.929896,109.45553,21690.59,ACTIVE
SAT01515,-58.957103,-118.918966,17740.1,INACTIVE
SAT01516,86.30483,-164.627598,21277.45,INACTIVE
SAT01517,-81.584154,15.823953,9638.62,ACTIVE
SAT01518,25.175912,85.671377,19598.9,INACTIVE
SAT01519,85.329158,-178.475363,27059.86,INACTIVE
SAT01520,48.765466,47.339724,17711.28,INACTIVE
SAT01521,-6.925429,-77.149077,2743.29,INACTIVE
SAT01522,85.429381,-100.851363,13188.96,INACTIVE
SAT01523,-42.023177,17.340537,35586.41,ACTIVE
SAT01524,-81.180192,87.12649,20156.46,MAINTENANCE
SAT01525,-13.993097,-61.115902,8347.86,MAINTENANCE
SAT01526,52.933657,-91.656146,1103.08,MAINTENANCE
SAT01527,-79.471212,-27.379328,25020.97,MAINTENANCE
SAT01528,-89.253576,178.071903,17354.19,MAINTENANCE
SAT01529,-81.127808,-127.029843,8623.97,ACTIVE
SAT01530,41.413514,-54.231515,23013.69,INACTIVE
SAT01531,77.952382,-172.196104,11449.56,MAINTENANCE
SAT01532,-79.403823,-120.913958,29408.83,ACTIVE
SAT01533,12.469035,-17.472163,14548.47,INACTIVE
SAT01534,-85.32815,132.652445,8954.34,MAINTENANCE
SAT01535,36.17018,104.502036,18190.09,INACTIVE
SAT01536,4.259732,-59.926524,24982.7,INACTIVE
SAT01537,-40.396213,132.991936,215.8,INACTIVE
SAT01538,54.126961,-50.183749,6397.13,ACTIVE
SAT01539,-72.842899,-49.106739,17113.96,ACTIVE
SAT01540,-50.524557,-128.173662,24849.3,MAINTENANCE
SAT01541,78.644503,75.526105,21810.28,MAINTENANCE
SAT01542,72.122246,-166.801353,25033.31,MAINTENANCE
SAT01543,4.820811,63.636567,6824.68,INACTIVE
SAT01544,61.235435,33.294393,16225.98,ACTIVE
SAT01545,58.697902,-113.365685,20112.67,MAINTENANCE
SAT01546,-75.518139,36.199067,26378.44,INACTIVE
SAT01547,-40.333044,73.50383,13710.63,MAINTENANCE
SAT01548,8.003091,61.15009,34190.84,ACTIVE
SAT01549,-80.575321,-103.18124,12221.55,MAINTENANCE
SAT01550,-60.064571,-115.026423,5230.98,ACTIVE
SAT01551,-12.399998,126.161543,11484.78,MAINTENANCE
SAT01552,1.129519,-99.305329,32681.56,MAINTENANCE
SAT01553,-39.623663,11.152902,30445.91,ACTIVE
SAT01554,-26.329386,-152.373017,2186.67,MAINTENANCE
SAT01555,-11.411685,-152.44846,23463.11,ACTIVE
SAT01556,-85.455613,-101.979163,27648.59,ACTIVE
SAT01557,51.551189,102.490545,22954.57,ACTIVE
SAT01558,28.043175,-104.083867,29549.81,MAINTENANCE
SAT01559,-7.471714,-58.915314,13755.8,INACTIVE
SAT01560,36.643861,-105.565833,28655.22,MAINTENANCE
SAT01561,33.092902,-77.252775,13949.57,INACTIVE
SAT01562,-87.252328,144.370229,2758.79,ACTIVE
SAT01563,-23.682744,4.0755,28205.79,MAINTENANCE
SAT01564,-40.035867,-107.63446,4795.76,ACTIVE
SAT01565,49.776666,-76.229376,7766.62,INACTIVE
SAT01566,25.679637,32.444175,1695.3,ACTIVE
SAT01567,-30.696255,-108.864096,29946.51,MAINTENANCE
SAT01568,-65.270922,143.088763,9441.33,MAINTENANCE
SAT01569,47.898628,139.320064,28675.75,ACTIVE
SAT01570,14.960696,62.892044,24006.29,INACTIVE
SAT01571,-72.34469,-134.123594,23825.88,MAINTENANCE
SAT01572,-36.603615,-160.415019,1197.45,ACTIVE
SAT01573,47.403134,-66.533741,18447.62,MAINTENANCE
SAT01574,26.800522,-117.100455,13333.53,ACTIVE
SAT01575,80.440795,-98.154024,28628.12,INACTIVE
SAT01576,-8.395841,-82.557951,21258.76,ACTIVE
SAT01577,10.847136,101.862579,926.96,INACTIVE
SAT01578,68.922699,-57.246963,5984.23,INACTIVE
SAT01579,-19.47439,-51.912446,13393.65,MAINTENANCE
SAT01580,-3.495509,177.916708,31751.73,MAINTENANCE
SAT01581,7.578045,-103.216537,23887.62,MAINTENANCE
SAT01582,12.301541,-159.905619,21215.98,INACTIVE
SAT01583,-80.751185,-18.903819,25510.58,ACTIVE
SAT01584,-32.440417,135.388558,19838.95,MAINTENANCE
SAT01585,10.061044,-164.5921,12993.61,INACTIVE
SAT01586,74.81121,162.786648,5816.07,MAINTENANCE
SAT01587,-40.784487,162.464502,14693.94,INACTIVE
SAT01588,35.215204,-97.363888,2638.12,INACTIVE
SAT01589,-70.304053,-68.477373,17785.51,INACTIVE
SAT01590,-66.04407,-72.89054,18657.91,INACTIVE
SAT01591,-50.357455,176.217474,9030.16,INACTIVE
SAT01592,-68.300231,-119.82719,30647.71,INACTIVE
SAT01593,78.174841,10.514339,29657.78,MAINTENANCE
SAT01594,38.020767,-122.816758,7411.88,INACTIVE
SAT01595,-0.163944,103.421146,1674.9,INACTIVE
SAT01596,71.012299,-138.788448,9134.99,INACTIVE
SAT01597,-22.356353,-6.836216,7717.88,INACTIVE
SAT01598,-75.738127,-66.763789,15911.45,ACTIVE
SAT01599,-46.443097,50.67898,10336.38,INACTIVE
SAT01600,71.6337,-114.560917,8917.32,INACTIVE
SAT01601,-81.330176,136.572099,20488.39,ACTIVE
SAT01602,60.702057,-122.20203,16286.09,INACTIVE
SAT01603,9.813552,18.823168,31037.35,INACTIVE
SAT01604,-28.868395,112.467998,9999.53,ACTIVE
SAT01605,34.142602,35.062319,35998.31,ACTIVE
SAT01606,-13.413728,69.400818,25799.52,MAINTENANCE
SAT01607,-67.943551,142.407294,19218.8,ACTIVE
SAT01608,-68.243168,148.743421,11513.23,INACTIVE
SAT01609,-35.290675,-1.54198,14806.38,INACTIVE
SAT01610,-46.560939,161.339841,14312.25,ACTIVE
SAT01611,72.357295,117.427734,16605.52,INACTIVE
SAT01612,-4.530938,86.23436,24053.67,MAINTENANCE
SAT01613,64.065007,-111.019861,7264.84,INACTIVE
SAT01614,-28.899225,3.349248,34119.92,INACTIVE
SAT01615,41.631103,-72.088736,277.57,ACTIVE
SAT01616,-56.463365,-37.034153,30535.17,MAINTENANCE
SAT01617,80.27232,131.025269,13886.39,ACTIVE
SAT01618,-66.200522,107.726375,31552.34,ACTIVE
SAT01619,-38.941031,-87.963972,226.94,INACTIVE
SAT01620,-38.773824,69.285073,9579.85,INACTIVE
SAT01621,86.284609,107.370091,4904.51,INACTIVE
SAT01622,40.249581,53.958347,7509.46,INACTIVE
SAT01623,19.534381,3.947836,17368.09,MAINTENANCE
SAT01624,-10.564248,147.470621,16202.98,MAINTENANCE
SAT01625,72.845069,3.061441,35568.11,ACTIVE
SAT01626,71.207777,-134.974044,22532.66,INACTIVE
SAT01627,61.76799,-74.870746,24223.09,ACTIVE
SAT01628,35.281449,-0.608916,18355.7,INACTIVE
SAT01629,-53.781429,30.563423,25355.94,MAINTENANCE
SAT01630,-39.252827,-62.453199,20150.7,MAINTENANCE
SAT01631,-9.934341,-176.412003,11688.87,MAINTENANCE
SAT01632,-48.924131,115.420656,27452.2,ACTIVE
SAT01633,-17.985906,93.916487,22231.0,INACTIVE
SAT01634,36.255571,99.12732,26464.74,INACTIVE
SAT01635,-30.094638,91.241679,10216.33,ACTIVE
SAT01636,-24.897894,-177.61858,4812.91,INACTIVE
SAT01637,-65.890652,57.579982,6970.86,INACTIVE
SAT01638,63.089176,-138.822198,10725.48,ACTIVE
SAT01639,57.208178,-118.927556,11433.81,INACTIVE
SAT01640,6.766727,92.407607,24951.45,MAINTENANCE
SAT01641,84.84736,-144.441401,9649.3,INACTIVE
SAT01642,63.331747,137.693723,8887.79,INACTIVE
SAT01643,-62.250935,45.78983,20068.99,INACTIVE
SAT01644,-88.592708,-163.12873,27413.99,MAINTENANCE
SAT01645,-27.24366,164.960356,8280.57,INACTIVE
SAT01646,89.71636,-126.767508,14392.03,ACTIVE
SAT01647,-37.470668,-86.768053,6962.3,ACTIVE
SAT01648,1.192955,-160.939358,5785.91,INACTIVE
SAT01649,41.143394,-10.78158,15241.16,INACTIVE
SAT01650,6.054448,-34.574199,28713.56,ACTIVE
SAT01651,-41.227209,-72.652574,3261.31,INACTIVE
SAT01652,34.15076,2.740611,14602.94,ACTIVE
SAT01653,-84.105583,123.58241,18691.51,MAINTENANCE
SAT01654,61.041781,-82.338973,18891.67,ACTIVE
SAT01655,-5.164868,-111.683565,10413.99,ACTIVE
SAT01656,13.590081,131.261099,12275.88,MAINTENANCE
SAT01657,-11.901971,111.650942,34478.52,ACTIVE
SAT01658,49.745173,-137.835876,318.32,ACTIVE
SAT01659,-42.744527,36.722354,21205.46,MAINTENANCE
SAT01660,-58.218568,-33.941176,26329.54,INACTIVE
SAT01661,52.402481,-176.046664,11376.86,MAINTENANCE
SAT01662,-48.842337,120.260681,6830.45,MAINTENANCE
SAT01663,-79.096709,-156.695179,14714.11,MAINTENANCE
SAT01664,27.610305,-123.541254,18614.15,INACTIVE
SAT01665,43.081674,137.538982,34630.08,INACTIVE
SAT01666,-74.595268,-147.930565,31426.45,INACTIVE
SAT01667,46.900035,140.600314,9684.58,MAINTENANCE
SAT01668,-65.765537,130.778637,15901.2,ACTIVE
SAT01669,48.384216,-18.45581,26327.41,INACTIVE
SAT01670,-44.473125,2.624568,26089.5,ACTIVE
SAT01671,-89.406972,-124.585105,7424.15,ACTIVE
SAT01672,-64.979231,58.666907,32979.07,INACTIVE
SAT01673,68.148072,170.764979,6742.73,ACTIVE
SAT01674,2.707233,175.317457,30117.51,ACTIVE
SAT01675,74.82316,-126.629358,10037.22,INACTIVE
SAT01676,51.137053,-27.06498,29471.31,INACTIVE
SAT01677,-48.049595,103.158754,30394.93,INACTIVE
SAT01678,-5.497476,91.26251,24857.31,MAINTENANCE
SAT01679,23.545325,163.037672,33793.31,INACTIVE
SAT01680,19.413777,112.369524,11491.61,MAINTENANCE
SAT01681,79.596478,42.21692,21986.0,INACTIVE
SAT01682,69.129744,-140.084147,22375.01,ACTIVE
SAT01683,88.403846,109.587254,19403.97,INACTIVE
SAT01684,52.290689,69.182842,25650.3,INACTIVE
SAT01685,44.814885,-162.089088,13459.06,INACTIVE
SAT01686,73.552461,153.72953,266.18,ACTIVE
SAT01687,32.40998,51.699257,20308.58,ACTIVE
SAT01688,-19.496087,60.651716,11867.55,INACTIVE
SAT01689,-57.560655,-68.186122,27435.89,MAINTENANCE
SAT01690,44.61643,-109.994036,32700.34,ACTIVE
SAT01691,-12.40456,-138.706327,17833.67,MAINTENANCE
SAT01692,22.199633,-168.784475,20216.44,INACTIVE
SAT01693,22.583299,124.162043,18441.22,MAINTENANCE
SAT01694,8.827397,-110.500651,33558.43,MAINTENANCE
SAT01695,-9.0452,18.490396,15975.35,INACTIVE
SAT01696,-16.547347,25.373449,261.0,MAINTENANCE
SAT01697,-80.161281,-66.894406,722.45,ACTIVE
SAT01698,-87.830639,-162.125691,14653.23,INACTIVE
SAT01699,-47.814845,-155.549928,27489.4,MAINTENANCE
SAT01700,-26.565593,-80.115805,4338.85,ACTIVE
SAT01701,-0.974218,166.099119,7926.76,ACTIVE
SAT01702,49.692819,-72.171049,12845.17,ACTIVE
SAT01703,-26.002455,-110.682512,30896.2,MAINTENANCE
SAT01704,-65.570721,-40.084503,24966.4,MAINTENANCE
SAT01705,-88.34405,125.514657,20930.14,MAINTENANCE
SAT01706,-59.507928,-110.457667,8030.25,ACTIVE
SAT01707,-71.875908,-88.42432,4807.27,INACTIVE
SAT01708,50.937156,-38.162761,4685.43,INACTIVE
SAT01709,-40.042877,138.512658,11572.78,INACTIVE
SAT01710,-54.969301,170.545981,10234.59,ACTIVE
SAT01711,61.810036,-151.685952,28696.51,ACTIVE
SAT01712,-43.327687,-128.728751,4084.09,ACTIVE
SAT01713,79.000446,158.128322,28430.17,ACTIVE
SAT01714,19.263813,38.183927,224.88,ACTIVE
SAT01715,-28.474983,176.287717,10643.63,MAINTENANCE
SAT01716,-62.929152,-125.241328,25619.53,ACTIVE
SAT01717,42.381842,-78.169883,23822.41,ACTIVE
SAT01718,11.798756,165.947884,12223.59,MAINTENANCE
SAT01719,85.88238,-139.317693,4550.42,INACTIVE
SAT01720,22.19529,42.325315,17837.01,MAINTENANCE
SAT01721,-17.187344,179.018002,12634.72,MAINTENANCE
SAT01722,74.594823,-178.280319,13337.68,ACTIVE
SAT01723,-64.39116,-94.769842,29656.13,ACTIVE
SAT01724,-4.851194,-87.578511,12020.89,MAINTENANCE
SAT01725,-7.430561,58.995427,3736.8,MAINTENANCE
SAT01726,-10.153406,43.167893,34777.39,MAINTENANCE
SAT01727,11.347896,169.206616,5106.43,INACTIVE
SAT01728,7.723955,113.139172,28717.34,MAINTENANCE
SAT01729,21.515434,110.435344,25360.98,ACTIVE
SAT01730,-7.988969,36.571046,18985.61,MAINTENANCE
SAT01731,-70.291919,-143.026901,3536.01,INACTIVE
SAT01732,0.060082,-158.446864,4716.39,ACTIVE
SAT01733,-21.302408,137.789188,1127.09,ACTIVE
SAT01734,84.340802,-74.656045,6416.98,INACTIVE
SAT01735,-43.714757,155.897281,898.53,MAINTENANCE
SAT01736,10.015377,-140.063987,2400.0,MAINTENANCE
SAT01737,-6.952431,-172.806461,6606.38,INACTIVE
SAT01738,-41.358156,-52.95524,27166.37,ACTIVE
SAT01739,-12.174518,58.510447,15773.88,MAINTENANCE
SAT01740,-80.743801,-95.814462,22991.52,ACTIVE
SAT01741,50.170443,58.54649,35777.24,ACTIVE
SAT01742,-44.403572,-177.201477,17581.85,INACTIVE
SAT01743,-20.996349,-157.237575,33958.2,INACTIVE
SAT01744,19.110397,-23.211067,31741.98,INACTIVE
SAT01745,-60.184085,-31.920448,22663.59,INACTIVE
SAT01746,-49.601154,-27.268178,12628.51,INACTIVE
SAT01747,38.724816,-67.044903,30121.59,ACTIVE
SAT01748,-55.21382,-52.913763,17732.81,MAINTENANCE
SAT01749,-89.133966,103.309156,10974.95,ACTIVE
SAT01750,35.624193,-36.98725,9644.69,INACTIVE
SAT01751,-64.913918,51.643247,20710.72,INACTIVE
SAT01752,42.402559,-67.702015,35315.69,INACTIVE
SAT01753,-48.844331,108.290841,23031.87,INACTIVE
SAT01754,-26.831225,-89.839325,22112.53,MAINTENANCE
SAT01755,39.519787,92.251287,23727.34,MAINTENANCE
SAT01756,43.417263,40.307524,2967.36,INACTIVE
SAT01757,16.293596,145.851515,20398.75,INACTIVE
SAT01758,-77.053769,-168.914217,1304.86,INACTIVE
SAT01759,88.643091,-53.879139,35065.96,ACTIVE
SAT01760,-3.166711,5.36998,5541.41,ACTIVE
SAT01761,-83.673819,-69.527346,2814.24,INACTIVE
SAT01762,-40.580987,-72.778723,22266.02,MAINTENANCE
SAT01763,-70.483364,97.15032,17919.44,INACTIVE
SAT01764,7.058464,-74.151484,25597.64,ACTIVE
SAT01765,51.140589,58.672966,23856.27,ACTIVE
SAT01766,28.233599,-40.667164,12931.75,INACTIVE
SAT01767,-43.89056,-147.561975,13505.15,INACTIVE
SAT01768,-52.114487,69.874955,32085.08,INACTIVE
SAT01769,81.920376,147.033958,12882.23,MAINTENANCE
SAT01770,-79.687607,-84.199904,19862.7,MAINTENANCE
SAT01771,48.877582,125.043758,14817.39,MAINTENANCE
SAT01772,43.921673,179.55373,27712.81,ACTIVE
SAT01773,14.548967,120.348632,28455.05,ACTIVE
SAT01774,60.196987,-33.019687,13041.8,INACTIVE
SAT01775,27.548165,-33.821123,22341.05,INACTIVE
SAT01776,-85.492167,-72.107795,23677.58,INACTIVE
SAT01777,-16.44193,124.941885,30925.53,INACTIVE
SAT01778,89.025815,-72.429743,14951.11,INACTIVE
SAT01779,50.147264,71.639555,14430.97,INACTIVE
SAT01780,-50.054297,-127.478285,9402.18,MAINTENANCE
SAT01781,-77.917418,32.060334,18986.26,MAINTENANCE
SAT01782,-67.508782,-38.747757,22017.15,ACTIVE
SAT01783,59.090403,-42.078062,13755.41,INACTIVE
SAT01784,-3.269804,-2.667715,21084.07,MAINTENANCE
SAT01785,-36.96044,-153.219114,10008.42,MAINTENANCE
SAT01786,6.47902,102.503888,12011.84,INACTIVE
SAT01787,4.582516,-56.738415,3423.05,MAINTENANCE
SAT01788,-46.313823,-20.943044,34807.87,ACTIVE
SAT01789,-84.137958,-44.771564,17212.27,ACTIVE
SAT01790,19.829334,107.037659,35046.85,ACTIVE
SAT01791,-24.826633,-16.561112,23844.15,INACTIVE
SAT01792,-26.846321,59.417678,27618.96,INACTIVE
SAT01793,-32.33014,-107.844058,2005.74,MAINTENANCE
SAT01794,-58.666955,11.366148,842.68,MAINTENANCE
SAT01795,-15.999584,-4.870473,22969.69,MAINTENANCE
SAT01796,-20.062268,4.385547,11293.89,ACTIVE
SAT01797,13.41816,76.444444,17944.07,ACTIVE
SAT01798,17.307321,104.684704,32122.57,MAINTENANCE
SAT01799,-14.761241,-61.272849,22952.74,ACTIVE
SAT01800,75.565651,144.284617,19763.27,MAINTENANCE
SAT01801,59.810249,-100.174881,22415.13,ACTIVE
SAT01802,56.756757,131.336406,34388.28,INACTIVE
SAT01803,76.700407,46.98588,33174.61,MAINTENANCE
SAT01804,28.174009,127.110559,30831.43,MAINTENANCE
SAT01805,80.531131,-8.941018,27390.96,INACTIVE
SAT01806,-12.74341,62.430447,18088.41,ACTIVE
SAT01807,75.328215,-118.746532,3390.89,INACTIVE
SAT01808,-38.952287,-119.928648,1156.49,ACTIVE
SAT01809,8.499871,-110.099615,28511.62,INACTIVE
SAT01810,28.55283,-15.814091,222.91,ACTIVE
SAT01811,3.753149,131.667324,4366.17,ACTIVE
SAT01812,45.655914,131.850847,21111.39,MAINTENANCE
SAT01813,-77.186509,-161.159774,12660.83,INACTIVE
SAT01814,62.038551,-61.449043,14098.25,ACTIVE
SAT01815,9.365495,-52.232135,28174.46,ACTIVE
SAT01816,5.307255,-90.506804,1645.96,ACTIVE
SAT01817,-77.044868,-177.053755,2183.46,MAINTENANCE
SAT01818,64.622653,-146.495242,31136.81,MAINTENANCE
SAT01819,30.137966,0.961932,8636.17,INACTIVE
SAT01820,-27.718943,-62.491273,32115.54,INACTIVE
SAT01821,-74.110493,73.348286,27572.58,MAINTENANCE
SAT01822,-15.305349,-55.867659,21090.18,MAINTENANCE
SAT01823,-68.670527,12.675222,29705.53,MAINTENANCE
SAT01824,-1.859606,-50.455271,26131.21,INACTIVE
SAT01825,12.689907,-128.196661,677.95,INACTIVE
SAT01826,-44.915929,179.710013,14591.03,ACTIVE
SAT01827,24.802749,-36.158462,30465.82,MAINTENANCE
SAT01828,-50.389323,129.764498,13394.83,MAINTENANCE
SAT01829,-22.097271,21.444136,5215.43,INACTIVE
SAT01830,-89.321087,3.037734,34124.97,ACTIVE
SAT01831,-5.136264,56.801453,32022.74,ACTIVE
SAT01832,-41.589426,-167.919489,14491.12,ACTIVE
SAT01833,24.642718,-79.599456,8524.02,MAINTENANCE
SAT01834,-52.029734,-106.617351,12849.34,INACTIVE
SAT01835,-29.735863,-122.213491,32485.14,INACTIVE
SAT01836,-34.555993,-65.356181,6629.51,ACTIVE
SAT01837,-70.305016,93.928196,17396.8,ACTIVE
SAT01838,0.551135,21.776639,16871.59,ACTIVE
SAT01839,25.420192,-18.986291,3635.84,MAINTENANCE
SAT01840,-44.990607,-140.486552,17628.84,ACTIVE
SAT01841,-26.82029,110.391242,24464.14,MAINTENANCE
SAT01842,-16.678747,113.296668,28688.55,ACTIVE
SAT01843,37.56071,-159.77742,11165.69,ACTIVE
SAT01844,-69.520203,103.279685,25612.84,INACTIVE
SAT01845,-50.277641,93.085262,19833.56,MAINTENANCE
SAT01846,-87.587352,15.277206,4785.34,INACTIVE
SAT01847,78.713045,-21.612545,34431.89,INACTIVE
SAT01848,-29.570931,165.640837,21742.76,ACTIVE
SAT01849,13.054999,-27.476543,34012.41,INACTIVE
SAT01850,-2.976833,131.160021,3082.11,INACTIVE
SAT01851,-40.74605,-163.934521,6507.72,INACTIVE
SAT01852,28.594587,-27.000624,22719.05,MAINTENANCE
SAT01853,82.999405,60.920446,35596.91,MAINTENANCE
SAT01854,-30.383004,-138.92381,25304.91,ACTIVE
SAT01855,-39.475862,138.165529,6844.97,ACTIVE
SAT01856,77.504439,24.671367,26179.83,INACTIVE
SAT01857,22.423216,10.20103,15374.05,INACTIVE
SAT01858,54.399853,-47.850484,10854.37,MAINTENANCE
SAT01859,-65.191982,-114.092095,20265.99,ACTIVE
SAT01860,44.285561,-112.765334,764.27,MAINTENANCE
SAT01861,67.942282,-138.36906,29036.65,INACTIVE
SAT01862,-63.103488,-125.182795,22249.46,MAINTENANCE
SAT01863,77.144288,-70.657425,27414.21,MAINTENANCE
SAT01864,16.360398,-125.846437,23607.95,ACTIVE
SAT01865,-89.670637,-45.704329,14804.97,INACTIVE
SAT01866,5.108147,119.322106,303.71,MAINTENANCE
SAT01867,-36.550296,-36.155716,30432.18,ACTIVE
SAT01868,-65.475072,-136.946354,24439.95,MAINTENANCE
SAT01869,-69.082192,83.793408,7896.02,MAINTENANCE
SAT01870,-52.735818,171.788612,29522.28,ACTIVE
SAT01871,65.9798,-39.066929,33305.35,ACTIVE
SAT01872,-38.120465,82.728296,30460.17,MAINTENANCE
SAT01873,46.094526,-13.202834,26302.02,ACTIVE
SAT01874,-30.963581,-22.548725,12607.51,INACTIVE
SAT01875,32.852677,106.796812,4217.26,MAINTENANCE
SAT01876,87.666053,96.124101,22139.89,ACTIVE
SAT01877,7.440328,-109.939103,10060.62,INACTIVE
SAT01878,-12.123205,-108.434448,25032.05,MAINTENANCE
SAT01879,74.758516,152.274638,18408.76,INACTIVE
SAT01880,9.530231,91.535662,8797.9,ACTIVE
SAT01881,-45.591769,-103.889475,25919.02,INACTIVE
SAT01882,-86.305084,8.82906,1320.4,MAINTENANCE
SAT01883,29.978208,160.439966,4850.49,INACTIVE
SAT01884,-4.988387,24.18675,30976.84,MAINTENANCE
SAT01885,30.57497,86.678338,15970.32,INACTIVE
SAT01886,-22.532473,88.532085,31487.75,MAINTENANCE
SAT01887,3.31006,-67.869439,26982.85,INACTIVE
SAT01888,70.190976,-109.343661,30747.85,INACTIVE
SAT01889,-24.750738,-54.105106,20281.81,MAINTENANCE
SAT01890,-56.47502,-11.253959,3049.38,ACTIVE
SAT01891,33.837669,-164.566988,8154.01,ACTIVE
SAT01892,-25.280559,-81.857871,29445.93,INACTIVE
SAT01893,-58.20706,-107.042984,34212.41,MAINTENANCE
SAT01894,-9.731872,104.489251,26642.24,ACTIVE
SAT01895,9.144694,-160.864831,30960.76,MAINTENANCE
SAT01896,58.377958,-93.781602,2591.21,INACTIVE
SAT01897,-3.233738,149.010313,15390.94,ACTIVE
SAT01898,-35.181585,-70.211082,22888.47,ACTIVE
SAT01899,-18.177547,-172.403354,30913.57,ACTIVE
SAT01900,-55.020587,-127.196178,20055.11,INACTIVE
SAT01901,-6.081606,99.975921,24803.54,MAINTENANCE
SAT01902,-75.468206,-55.089734,6342.58,MAINTENANCE
SAT01903,40.821816,-141.407757,16791.41,INACTIVE
SAT01904,-23.085544,96.345857,832.87,INACTIVE
SAT01905,-49.867394,-103.011779,22791.41,INACTIVE
SAT01906,-81.493107,-131.496398,33269.91,MAINTENANCE
SAT01907,-27.919499,-133.447057,7675.84,MAINTENANCE
SAT01908,-45.947097,-84.657856,21298.12,ACTIVE
SAT01909,35.851115,-141.208344,15095.3,INACTIVE
SAT01910,-65.433214,114.848434,16647.28,INACTIVE
SAT01911,-28.026021,178.038107,28406.68,ACTIVE
SAT01912,-31.015918,36.164634,35774.27,MAINTENANCE
SAT01913,-15.955786,127.099082,2095.49,ACTIVE
SAT01914,46.699998,107.908032,16878.51,INACTIVE
SAT01915,84.846519,82.096946,2377.86,ACTIVE
SAT01916,-5.498638,176.592164,25203.12,MAINTENANCE
SAT01917,-36.244185,43.262575,20872.37,ACTIVE
SAT01918,-41.241177,-5.520384,3567.55,INACTIVE
SAT01919,-20.808639,106.75768,4016.98,INACTIVE
SAT01920,-66.084574,8.196543,22432.1,ACTIVE
SAT01921,35.202159,131.672921,26390.64,INACTIVE
SAT01922,37.348726,-114.215293,15212.44,INACTIVE
SAT01923,-84.506714,20.467784,28590.14,ACTIVE
SAT01924,-55.137449,177.342617,9149.38,ACTIVE
SAT01925,53.105236,-27.544947,22617.31,INACTIVE
SAT01926,4.806783,69.766306,28385.69,ACTIVE
SAT01927,51.9781,-127.247678,14215.38,MAINTENANCE
SAT01928,-24.373886,-79.498161,18484.62,INACTIVE
SAT01929,89.853739,9.29363,20954.78,INACTIVE
SAT01930,-31.382674,71.865792,14079.45,INACTIVE
SAT01931,61.57108,-116.248941,16624.62,ACTIVE
SAT01932,34.655434,168.782245,13559.98,INACTIVE
SAT01933,-69.877372,5.438549,495.73,INACTIVE
SAT01934,-74.875044,96.195308,11108.87,ACTIVE
SAT01935,3.891329,-170.900593,22399.69,INACTIVE
SAT01936,48.014872,-150.338884,35613.62,INACTIVE
SAT01937,60.653026,-106.284099,11633.66,ACTIVE
SAT01938,83.609071,87.118028,35330.23,INACTIVE
SAT01939,49.684481,96.207738,5573.01,ACTIVE
SAT01940,-37.029474,46.13447,11008.07,ACTIVE
SAT01941,61.998164,110.877366,16338.41,ACTIVE
SAT01942,44.410531,-28.135833,17876.72,INACTIVE
SAT01943,22.275774,112.522467,27003.18,MAINTENANCE
SAT01944,88.689054,168.577549,4841.69,INACTIVE
SAT01945,72.704659,-60.70198,17975.04,MAINTENANCE
SAT01946,-54.253861,1.176388,17003.4,INACTIVE
SAT01947,59.643667,-42.609263,14448.47,MAINTENANCE
SAT01948,33.680073,136.160425,21367.88,ACTIVE
SAT01949,-49.829482,-159.153366,29693.97,INACTIVE
SAT01950,66.829418,81.102895,23410.91,MAINTENANCE
SAT01951,32.05222,76.10883,21728.61,ACTIVE
SAT01952,57.511699,174.773027,11178.22,INACTIVE
SAT01953,8.757609,-81.934577,24413.32,ACTIVE
SAT01954,-79.357093,-86.18184,7282.87,INACTIVE
SAT01955,-60.118232,87.182264,13464.38,INACTIVE
SAT01956,-62.848468,3.46553,22616.97,ACTIVE
SAT01957,-16.24231,133.386967,16185.51,ACTIVE
SAT01958,-31.108172,91.798296,2484.36,ACTIVE
SAT01959,81.370713,90.466251,8447.55,ACTIVE
SAT01960,77.785453,-53.782082,8294.9,INACTIVE
SAT01961,44.057382,94.490287,8193.96,ACTIVE
SAT01962,6.369485,170.89223,31229.4,MAINTENANCE
SAT01963,60.425331,-177.313612,7839.0,INACTIVE
SAT01964,10.726639,53.299668,23545.24,ACTIVE
SAT01965,-74.188545,73.795394,1633.17,MAINTENANCE
SAT01966,42.720501,42.352596,34260.76,ACTIVE
SAT01967,37.755461,-113.949234,10341.26,INACTIVE
SAT01968,79.455027,-31.747748,3254.9,INACTIVE
SAT01969,-35.515123,-99.188644,10085.32,MAINTENANCE
SAT01970,6.858055,-9.116591,18137.0,INACTIVE
SAT01971,-86.433844,-121.722368,25867.32,ACTIVE
SAT01972,-32.018313,19.769366,23192.1,MAINTENANCE
SAT01973,-20.164855,112.453761,15542.66,ACTIVE
SAT01974,30.625202,123.060631,30951.04,ACTIVE
SAT01975,-24.589346,-94.203558,9096.27,INACTIVE
SAT01976,-31.871762,166.412077,25102.12,MAINTENANCE
SAT01977,-14.504379,107.889546,3864.12,INACTIVE
SAT01978,-72.216769,10.550471,17586.83,ACTIVE
SAT01979,33.065547,-4.865858,2185.28,MAINTENANCE
SAT01980,8.196729,-87.075556,29539.85,INACTIVE
SAT01981,-26.352331,135.349517,22001.9,ACTIVE
SAT01982,-65.653369,-159.322072,33228.22,ACTIVE
SAT01983,-89.685789,7.598096,15620.8,INACTIVE
SAT01984,43.25988,-22.704043,27868.37,INACTIVE
SAT01985,-28.042247,-90.799173,19313.37,MAINTENANCE
SAT01986,52.84616,134.764402,25039.32,MAINTENANCE
SAT01987,-10.416339,141.250737,23025.85,INACTIVE
SAT01988,35.233592,87.924844,22923.88,ACTIVE
SAT01989,14.659668,164.434493,11122.62,INACTIVE
SAT01990,-72.749535,4.980893,10707.64,MAINTENANCE
SAT01991,-56.217662,77.119876,22879.99,MAINTENANCE
SAT01992,24.870739,-76.730981,3736.84,ACTIVE
SAT01993,-44.694751,26.66422,15788.09,MAINTENANCE
SAT01994,-27.42283,-141.894312,35891.26,INACTIVE
SAT01995,-43.999118,-119.366579,16734.92,ACTIVE
SAT01996,24.919077,62.576421,2451.26,MAINTENANCE
SAT01997,-8.461317,73.776356,12995.78,INACTIVE
SAT01998,14.203408,-10.848385,17503.76,ACTIVE
SAT01999,19.803843,42.956891,26007.84,ACTIVE
SAT02000,82.219981,-162.176638,33155.83,INACTIVE
SAT02001,77.18592,-4.16203,15736.18,MAINTENANCE
SAT02002,-19.263962,-175.965824,19620.38,ACTIVE
SAT02003,-24.355316,-114.254935,10680.83,INACTIVE
SAT02004,-78.148846,86.982961,5644.85,MAINTENANCE
SAT02005,51.427721,-54.228362,34277.68,ACTIVE
SAT02006,65.71865,146.041768,12683.29,INACTIVE
SAT02007,80.588126,28.103172,11278.58,ACTIVE
SAT02008,-68.093156,-122.925576,13666.66,ACTIVE
SAT02009,73.882659,-13.658311,26388.48,ACTIVE
SAT02010,58.734622,-166.261099,28513.13,ACTIVE
SAT02011,-46.029567,15.217974,31322.76,MAINTENANCE
SAT02012,14.028396,-48.414625,35600.15,INACTIVE
SAT02013,-50.257308,-169.656241,6151.07,MAINTENANCE
SAT02014,-54.690561,-67.975413,8049.95,MAINTENANCE
SAT02015,75.414042,-45.999758,31598.7,INACTIVE
SAT02016,72.078315,-106.064241,35142.97,INACTIVE
SAT02017,-57.507218,56.616319,2343.55,MAINTENANCE
SAT02018,80.934139,-20.348872,25308.87,MAINTENANCE
SAT02019,71.593968,-63.760121,1899.46,ACTIVE
SAT02020,-28.111918,131.17302,28809.05,ACTIVE
SAT02021,-31.242593,112.293092,672.62,MAINTENANCE
SAT02022,73.84856,69.739007,33975.31,INACTIVE
SAT02023,-65.640095,-113.774717,24265.13,INACTIVE
SAT02024,-79.470161,-88.137523,35557.55,INACTIVE
SAT02025,14.859492,-143.054994,6483.0,INACTIVE
SAT02026,-37.141845,61.127825,4168.44,MAINTENANCE
SAT02027,46.596113,170.196295,14515.1,INACTIVE
SAT02028,38.221228,88.579044,24777.94,ACTIVE
SAT02029,-18.939206,80.037546,15808.27,ACTIVE
SAT02030,-66.332761,90.885976,6913.23,ACTIVE
SAT02031,-39.987769,-64.997892,22283.39,MAINTENANCE
SAT02032,28.252828,-15.833711,16533.86,INACTIVE
SAT02033,-15.207692,-74.659992,15344.13,MAINTENANCE
SAT02034,37.745526,124.119325,17073.04,MAINTENANCE
SAT02035,-77.22162,102.253799,18281.43,INACTIVE
SAT02036,46.378813,98.541044,7589.13,INACTIVE
SAT02037,-71.0777,-178.917274,6042.23,ACTIVE
SAT02038,86.087904,-138.242428,34837.34,ACTIVE
SAT02039,-11.921224,-108.3303,23782.33,MAINTENANCE
SAT02040,-78.150609,35.198481,25360.33,INACTIVE
SAT02041,88.252695,-142.856083,30118.31,ACTIVE
SAT02042,65.821296,-8.674953,30957.84,ACTIVE
SAT02043,-20.377514,-116.583038,362.56,ACTIVE
SAT02044,-16.457256,-92.118435,30099.06,ACTIVE
SAT02045,70.891842,40.74239,26643.29,ACTIVE
SAT02046,86.70032,-62.524191,1097.51,ACTIVE
SAT02047,49.070424,147.538711,29770.34,ACTIVE
SAT02048,-54.787928,112.383898,29159.83,ACTIVE
SAT02049,12.003596,-0.465449,19552.61,MAINTENANCE
SAT02050,70.745323,-9.347674,21476.45,ACTIVE
SAT02051,-35.630933,-136.113233,21653.72,INACTIVE
SAT02052,-60.675291,-68.378957,2651.43,INACTIVE
SAT02053,-6.302225,-76.336745,5220.54,ACTIVE
SAT02054,-82.623865,74.612002,34338.91,INACTIVE
SAT02055,30.773592,-95.591286,18654.74,INACTIVE
SAT02056,-74.736738,12.935036,31881.01,ACTIVE
SAT02057,66.003571,18.13155,17736.98,INACTIVE
SAT02058,22.330477,135.2856,28753.02,ACTIVE
SAT02059,54.000138,-59.629878,28343.82,ACTIVE
SAT02060,-76.837682,24.103608,2201.4,INACTIVE
SAT02061,-18.374614,-128.165465,26314.59,INACTIVE
SAT02062,-34.238635,141.024573,27095.76,MAINTENANCE
SAT02063,78.317019,-68.100224,25781.14,MAINTENANCE
SAT02064,-9.664908,72.829637,3550.07,INACTIVE
SAT02065,-78.37609,69.01674,35710.64,MAINTENANCE
SAT02066,-74.933748,-151.482262,16418.85,MAINTENANCE
SAT02067,-4.212421,14.93709,26814.51,ACTIVE
SAT02068,-82.658716,-111.879424,23518.94,ACTIVE
SAT02069,16.53494,62.601619,30587.07,INACTIVE
SAT02070,47.104852,57.117442,23978.47,INACTIVE
SAT02071,76.70253,71.484255,13764.47,INACTIVE
SAT02072,-45.378141,-17.21082,6183.08,MAINTENANCE
SAT02073,-56.646963,20.394017,30575.7,INACTIVE
SAT02074,-7.876563,0.414705,2406.54,INACTIVE
SAT02075,37.08775,104.506843,2152.36,MAINTENANCE
SAT02076,-41.295801,-49.026301,18438.96,MAINTENANCE
SAT02077,-62.832736,45.034301,15877.22,ACTIVE
SAT02078,-37.185188,131.690951,33201.52,ACTIVE
SAT02079,16.388897,97.329254,22398.84,ACTIVE
SAT02080,-72.885457,166.596248,31687.16,ACTIVE
SAT02081,-10.095225,104.682224,4631.46,INACTIVE
SAT02082,78.272659,73.13451,15299.79,ACTIVE
SAT02083,47.903424,-24.524072,11147.05,ACTIVE
SAT02084,-60.991455,-11.645044,4349.54,MAINTENANCE
SAT02085,8.894996,107.63038,12766.69,INACTIVE
SAT02086,75.900983,56.918714,28416.64,MAINTENANCE
SAT02087,49.760398,-92.151782,33979.9,ACTIVE
SAT02088,35.586424,4.552621,27587.79,ACTIVE
SAT02089,52.529896,61.633134,32242.26,ACTIVE
SAT02090,28.838198,-96.183484,10988.55,ACTIVE
SAT02091,-49.496689,-125.491684,19906.36,INACTIVE
SAT02092,-32.2012,-44.838892,23470.79,ACTIVE
SAT02093,-75.612593,87.758364,14376.93,INACTIVE
SAT02094,2.727408,-177.196815,12088.12,ACTIVE
SAT02095,68.573745,-30.008114,9141.81,INACTIVE
SAT02096,-77.85192,-36.509983,4677.31,INACTIVE
SAT02097,45.474073,34.489784,33239.77,MAINTENANCE
SAT02098,-5.961848,-160.145671,22824.72,MAINTENANCE
SAT02099,-33.027931,98.215505,10613.63,INACTIVE
SAT02100,68.02819,-113.939753,32365.33,MAINTENANCE
SAT02101,-10.235483,17.623726,2261.91,ACTIVE
SAT02102,-6.979474,-140.853021,25185.62,ACTIVE
SAT02103,-30.826171,135.530778,19966.22,INACTIVE
SAT02104,9.779146,81.179573,22257.27,MAINTENANCE
SAT02105,40.301747,-162.359438,1336.56,MAINTENANCE
SAT02106,-86.152769,-84.785413,16041.93,ACTIVE
SAT02107,41.249693,46.188817,1113.29,INACTIVE
SAT02108,51.163962,7.955729,24192.74,INACTIVE
SAT02109,-64.752873,-116.328696,17602.27,MAINTENANCE
SAT02110,-27.073641,-145.152235,20802.07,ACTIVE
SAT02111,-38.126732,-12.466746,23349.95,MAINTENANCE
SAT02112,12.922662,155.890006,3743.58,MAINTENANCE
SAT02113,4.561651,20.879603,7420.45,INACTIVE
SAT02114,7.818459,166.764212,8503.53,MAINTENANCE
SAT02115,-52.635534,106.296652,17473.86,ACTIVE
SAT02116,63.593842,-25.229099,19850.29,MAINTENANCE
SAT02117,16.707447,37.582356,19157.98,MAINTENANCE
SAT02118,-32.489511,-12.521748,491.97,INACTIVE
SAT02119,-29.348324,45.302926,35108.97,INACTIVE
SAT02120,-21.732464,-137.119498,6179.7,MAINTENANCE
SAT02121,69.582868,68.245748,32326.77,MAINTENANCE
SAT02122,57.281491,-20.964032,18044.31,ACTIVE
SAT02123,74.476706,-85.766449,3607.84,INACTIVE
SAT02124,37.09647,-138.314883,1764.5,MAINTENANCE
SAT02125,-61.490995,-146.018981,35439.06,MAINTENANCE
SAT02126,-67.890191,92.630191,11685.4,INACTIVE
SAT02127,-36.11047,70.695984,7991.53,ACTIVE
SAT02128,-72.952628,8.789841,31797.23,ACTIVE
SAT02129,-13.053252,130.31008,19406.74,MAINTENANCE
SAT02130,-39.604347,-102.327476,22273.15,MAINTENANCE
SAT02131,-62.445416,134.343269,6499.05,INACTIVE
SAT02132,-15.472764,-121.117064,24452.54,INACTIVE
SAT02133,-2.503861,-55.831556,19729.34,MAINTENANCE
SAT02134,10.427132,-17.860947,10449.53,INACTIVE
SAT02135,26.345623,-39.668103,5262.7,ACTIVE
SAT02136,85.667619,-91.339069,24734.42,MAINTENANCE
SAT02137,-63.518595,114.31525,20477.82,ACTIVE
SAT02138,53.900689,139.302543,562.5,ACTIVE
SAT02139,50.799953,10.963233,18365.77,MAINTENANCE
SAT02140,28.158736,105.266353,20671.55,ACTIVE
SAT02141,86.186964,15.179392,21367.21,MAINTENANCE
SAT02142,29.154743,-31.605065,22718.44,ACTIVE
SAT02143,-35.602452,-45.556193,24256.05,INACTIVE
SAT02144,-35.153647,155.237465,3766.99,ACTIVE
SAT02145,-68.418527,-141.652312,2385.52,INACTIVE
SAT02146,-27.690544,-18.760836,14945.7,INACTIVE
SAT02147,-50.426587,152.494785,23882.79,MAINTENANCE
SAT02148,-28.576304,-174.55297,16110.76,MAINTENANCE
SAT02149,-53.870257,42.556907,4445.75,INACTIVE
SAT02150,-17.261302,-170.257566,27941.21,MAINTENANCE
SAT02151,-47.37163,-172.438623,5719.55,ACTIVE
SAT02152,71.798696,-150.08442,383.42,INACTIVE
SAT02153,-60.183907,-59.571677,5184.68,INACTIVE
SAT02154,-18.969853,-145.477602,546.36,MAINTENANCE
SAT02155,59.873774,-101.106034,10167.49,ACTIVE
SAT02156,16.960549,16.8484,771.35,INACTIVE
SAT02157,28.772064,-124.630594,7200.19,ACTIVE
SAT02158,80.866219,-46.117663,11979.15,ACTIVE
SAT02159,82.229141,-169.531228,2129.36,MAINTENANCE
SAT02160,-1.244647,82.465162,30471.17,ACTIVE
SAT02161,-54.971242,-128.221285,27539.28,MAINTENANCE
SAT02162,24.725164,-23.327906,17780.33,MAINTENANCE
SAT02163,83.456789,-153.683733,20761.89,MAINTENANCE
SAT02164,74.274671,-20.07038,32641.01,ACTIVE
SAT02165,63.88005,59.755953,8626.24,MAINTENANCE
SAT02166,-31.629059,-74.688607,16074.09,MAINTENANCE
SAT02167,-78.72079,-137.466271,29016.48,INACTIVE
SAT02168,18.317673,-26.130207,19961.29,INACTIVE
SAT02169,-10.661094,42.143033,25188.72,ACTIVE
SAT02170,59.407771,161.529549,16178.39,ACTIVE
SAT02171,-41.482694,-15.72115,14272.62,ACTIVE
SAT02172,37.50189,-110.959614,20784.85,MAINTENANCE
SAT02173,48.386286,-65.582202,16159.64,INACTIVE
SAT02174,-20.992036,-103.133696,13589.43,INACTIVE
SAT02175,-14.905287,85.56419,23285.11,MAINTENANCE
SAT02176,48.763892,-89.816822,28189.44,ACTIVE
SAT02177,-0.133046,63.227991,9221.27,MAINTENANCE
SAT02178,-54.422266,-19.097477,1989.35,ACTIVE
SAT02179,-82.331166,-177.141897,27590.11,ACTIVE
SAT02180,-66.448725,-112.669393,20402.29,ACTIVE
SAT02181,-52.49979,73.070408,10558.97,ACTIVE
SAT02182,36.555767,-88.412686,1445.67,ACTIVE
SAT02183,10.958699,49.995075,33248.79,MAINTENANCE
SAT02184,43.349745,-173.473447,9149.42,MAINTENANCE
SAT02185,86.402068,55.546239,9870.69,ACTIVE
SAT02186,-23.066653,-34.355099,9014.55,ACTIVE
SAT02187,51.74079,-1.581221,4126.0,MAINTENANCE
SAT02188,-5.057792,-95.442519,35661.37,ACTIVE
SAT02189,-66.107272,-170.904949,11232.19,MAINTENANCE
SAT02190,66.278363,-35.355539,11218.58,ACTIVE
SAT02191,-68.688666,110.142858,13440.28,MAINTENANCE
SAT02192,-43.38867,106.939806,6676.69,INACTIVE
SAT02193,-17.670078,90.238827,15936.3,ACTIVE
SAT02194,67.286172,-40.143239,11759.39,MAINTENANCE
SAT02195,28.110471,-91.112548,16676.61,INACTIVE
SAT02196,-2.289644,-105.97622,32924.73,INACTIVE
SAT02197,73.415591,178.046369,21294.44,INACTIVE
SAT02198,-8.422792,20.989195,2690.09,ACTIVE
SAT02199,-27.650664,103.634789,31416.14,MAINTENANCE
SAT02200,-56.917878,-27.721206,30420.16,ACTIVE
SAT02201,-23.31,-16.557766,29406.1,MAINTENANCE
SAT02202,12.792341,67.095386,7784.49,INACTIVE
SAT02203,-69.437178,-107.100691,14680.88,MAINTENANCE
SAT02204,13.083625,-74.180366,34085.6,MAINTENANCE
SAT02205,77.320488,56.24999,20508.4,MAINTENANCE
SAT02206,68.9221,-162.381062,19453.51,ACTIVE
SAT02207,-35.079868,123.026996,10181.25,INACTIVE
SAT02208,37.139548,77.555609,18358.52,MAINTENANCE
SAT02209,38.285894,-30.574144,32975.51,INACTIVE
SAT02210,81.568708,51.178518,26075.37,MAINTENANCE
SAT02211,47.762091,87.337041,15814.98,INACTIVE
SAT02212,-62.866564,-4.764155,15143.32,ACTIVE
SAT02213,-2.374161,-162.911682,6062.73,ACTIVE
SAT02214,-1.834881,-128.017454,28765.72,MAINTENANCE
SAT02215,41.579247,89.987564,1043.65,MAINTENANCE
SAT02216,-55.636409,-172.835394,25836.54,ACTIVE
SAT02217,-21.672193,69.195337,32690.08,MAINTENANCE
SAT02218,-89.000622,44.50084,10149.29,ACTIVE
SAT02219,-40.858691,-80.883791,35443.08,MAINTENANCE
SAT02220,-81.626818,-78.160138,24121.91,INACTIVE
SAT02221,9.497621,108.886892,11170.64,INACTIVE
SAT02222,-74.128852,-129.005405,26394.71,ACTIVE
SAT02223,-63.562827,-111.270467,22580.56,ACTIVE
SAT02224,32.751499,-123.069574,14430.87,ACTIVE
SAT02225,89.07323,33.70447,29074.32,MAINTENANCE
SAT02226,24.307651,-133.861711,14984.02,ACTIVE
SAT02227,-50.643536,-119.180183,8472.69,ACTIVE
SAT02228,-39.445217,12.766358,11127.73,MAINTENANCE
SAT02229,-22.37747,-3.537007,35599.63,ACTIVE
SAT02230,37.426553,102.15513,12225.1,INACTIVE
SAT02231,88.116491,-79.894468,13524.45,INACTIVE
SAT02232,-26.487896,5.934775,4837.38,ACTIVE
SAT02233,-45.075944,-121.463211,326.33,ACTIVE
SAT02234,36.511682,-81.895487,35300.36,ACTIVE
SAT02235,11.155503,-10.056044,26416.42,ACTIVE
SAT02236,-3.028299,-76.878045,15466.74,MAINTENANCE
SAT02237,-51.863637,141.134754,30489.34,MAINTENANCE
SAT02238,48.700362,20.257925,10294.94,MAINTENANCE
SAT02239,-81.999175,-13.863847,23517.5,ACTIVE
SAT02240,-9.186311,-24.987854,28553.75,MAINTENANCE
SAT02241,-83.759233,-30.294791,6693.16,INACTIVE
SAT02242,-68.893943,-69.453898,4100.66,INACTIVE
SAT02243,74.533964,-77.129902,20204.2,MAINTENANCE
SAT02244,37.19946,-137.872059,13964.83,MAINTENANCE
SAT02245,-22.030049,107.388867,4925.36,MAINTENANCE
SAT02246,31.025521,68.013725,17460.09,MAINTENANCE
SAT02247,-28.183683,-67.115974,3279.02,ACTIVE
SAT02248,-88.375944,-107.04139,6405.11,INACTIVE
SAT02249,-62.997507,100.621189,936.42,MAINTENANCE
SAT02250,43.610141,141.897307,13026.31,INACTIVE
SAT02251,-71.794642,-24.78541,19524.06,MAINTENANCE
SAT02252,-10.514207,-112.407847,13105.83,ACTIVE
SAT02253,1.472318,-126.443598,27197.99,ACTIVE
SAT02254,14.879814,-50.001984,19322.14,INACTIVE
SAT02255,-22.84438,123.943651,20987.81,INACTIVE
SAT02256,-88.18353,-45.961767,19518.41,MAINTENANCE
SAT02257,86.994792,-177.237117,22479.54,MAINTENANCE
SAT02258,-60.832682,-31.404229,27293.51,INACTIVE
SAT02259,56.127613,0.679926,11943.77,ACTIVE
SAT02260,1.820521,-121.459042,3284.61,INACTIVE
SAT02261,83.358743,-87.700116,22134.27,INACTIVE
SAT02262,-39.059865,-42.718398,33516.27,MAINTENANCE
SAT02263,-81.152063,-113.549492,20520.88,MAINTENANCE
SAT02264,-4.450522,-31.525952,11446.94,ACTIVE
SAT02265,31.361532,15.985371,14088.65,INACTIVE
SAT02266,83.394981,179.787736,14250.06,INACTIVE
SAT02267,78.615217,-175.511752,4307.35,ACTIVE
SAT02268,37.793553,-25.078529,6813.14,MAINTENANCE
SAT02269,-64.900312,-97.537385,15999.19,ACTIVE
SAT02270,-26.410316,-116.587312,7016.4,INACTIVE
SAT02271,-4.096873,-17.76836,23745.0,ACTIVE
SAT02272,9.243252,122.252216,20265.85,MAINTENANCE
SAT02273,-51.417385,-81.090628,21804.16,INACTIVE
SAT02274,50.019365,89.225473,19482.4,ACTIVE
SAT02275,23.331657,-103.618509,6427.97,MAINTENANCE
SAT02276,30.228001,-171.342869,15998.63,INACTIVE
SAT02277,-4.960169,18.387505,25124.93,ACTIVE
SAT02278,-30.176301,168.368439,16213.29,MAINTENANCE
SAT02279,1.403908,-37.058968,21359.91,MAINTENANCE
SAT02280,-23.025557,-17.117636,815.29,INACTIVE
SAT02281,2.5145,152.92354,10786.35,INACTIVE
SAT02282,-9.084729,25.755479,11440.95,ACTIVE
SAT02283,-72.438807,-56.942815,31945.43,ACTIVE
SAT02284,-45.438641,138.98213,4586.39,MAINTENANCE
SAT02285,30.241429,-40.885701,17416.67,MAINTENANCE
SAT02286,-41.529051,-142.668271,23360.17,MAINTENANCE
SAT02287,85.460018,-70.40438,22495.27,INACTIVE
SAT02288,-81.534005,31.109875,20064.03,MAINTENANCE
SAT02289,-7.356336,85.54327,16700.22,MAINTENANCE
SAT02290,47.773654,-174.988657,34567.77,ACTIVE
SAT02291,11.95386,130.041061,26044.57,INACTIVE
SAT02292,43.017518,-41.274806,19834.59,MAINTENANCE
SAT02293,-5.031024,100.86279,11952.52,MAINTENANCE
SAT02294,-59.071284,-116.986174,1963.92,INACTIVE
SAT02295,-86.845112,26.31152,28310.87,MAINTENANCE
SAT02296,72.242022,168.954133,23244.87,ACTIVE
SAT02297,-15.348837,-106.248008,7552.32,INACTIVE
SAT02298,-44.992518,73.548048,27898.25,INACTIVE
SAT02299,-73.854455,92.410003,21441.95,INACTIVE
SAT02300,88.445087,39.212594,26891.24,ACTIVE
SAT02301,59.035734,-131.310883,25349.1,INACTIVE
SAT02302,-0.078362,125.554789,15795.69,INACTIVE
SAT02303,89.019498,-111.74997,7990.61,INACTIVE
SAT02304,54.853708,-133.911958,24289.27,ACTIVE
SAT02305,-5.045998,11.512895,23743.47,MAINTENANCE
SAT02306,-46.958183,52.851438,21668.43,ACTIVE
SAT02307,-64.427828,28.807759,5643.79,INACTIVE
SAT02308,9.686801,66.328331,34421.78,INACTIVE
SAT02309,72.419392,57.021913,25887.18,INACTIVE
SAT02310,13.695285,-164.256007,4023.79,INACTIVE
SAT02311,24.286674,38.44132,26896.61,ACTIVE
SAT02312,86.476535,-90.065533,15465.38,MAINTENANCE
SAT02313,22.340588,172.789063,5604.15,MAINTENANCE
SAT02314,84.261,4.628651,15123.9,ACTIVE
SAT02315,18.625797,-95.661806,9013.83,ACTIVE
SAT02316,4.362494,-59.147422,31542.43,ACTIVE
SAT02317,55.170259,-115.532766,12485.57,INACTIVE
SAT02318,14.220828,84.440364,8393.95,INACTIVE
SAT02319,-81.55402,112.396677,12143.17,INACTIVE
SAT02320,77.738367,103.881514,30532.93,ACTIVE
SAT02321,41.632038,-0.730154,34725.3,INACTIVE
SAT02322,-66.669042,78.077837,28942.37,ACTIVE
SAT02323,-69.423357,56.889506,33125.41,MAINTENANCE
SAT02324,1.366521,-163.971681,3003.32,INACTIVE
SAT02325,56.688116,71.817114,18610.14,MAINTENANCE
SAT02326,64.000762,-86.494186,8057.59,MAINTENANCE
SAT02327,50.256473,-179.607397,8466.62,ACTIVE
SAT02328,-11.689669,6.474318,16957.43,ACTIVE
SAT02329,-45.172607,103.031475,16216.75,MAINTENANCE
SAT02330,83.787129,-159.083498,5930.69,MAINTENANCE
SAT02331,52.351528,-54.164011,14528.58,MAINTENANCE
SAT02332,8.669579,158.989589,8415.36,MAINTENANCE
SAT02333,88.839038,-110.355806,22515.2,INACTIVE
SAT02334,-54.294052,128.068984,35672.62,MAINTENANCE
SAT02335,-88.948953,50.356269,26306.07,ACTIVE
SAT02336,-34.315894,98.84859,924.09,ACTIVE
SAT02337,81.458459,-30.362017,25106.09,INACTIVE
SAT02338,60.538482,-15.480966,24744.69,INACTIVE
SAT02339,-57.734451,-43.995977,15325.05,INACTIVE
SAT02340,-19.57724,-177.64219,25833.4,ACTIVE
SAT02341,74.279573,128.21723,34381.35,INACTIVE
SAT02342,45.917994,81.726696,20985.94,MAINTENANCE
SAT02343,44.393693,110.231104,16318.08,ACTIVE
SAT02344,73.528927,153.128596,14895.75,INACTIVE
SAT02345,82.871386,112.401111,33901.86,MAINTENANCE
SAT02346,15.530958,-9.11053,27961.35,ACTIVE
SAT02347,71.172264,45.928438,17064.27,MAINTENANCE
SAT02348,-3.29406,-122.705576,27566.93,INACTIVE
SAT02349,27.422977,-156.464625,27374.83,ACTIVE
SAT02350,45.47442,-45.680904,2022.78,INACTIVE
SAT02351,-79.339577,72.561169,20877.39,MAINTENANCE
SAT02352,-37.066926,82.680827,20756.65,ACTIVE
SAT02353,-71.400742,58.356054,32911.89,MAINTENANCE
SAT02354,61.526698,77.194596,21151.48,MAINTENANCE
SAT02355,-34.38877,-129.158004,19523.9,MAINTENANCE
SAT02356,66.128871,-141.770424,29053.06,MAINTENANCE
SAT02357,-9.518442,46.088176,22689.77,ACTIVE
SAT02358,54.544705,-154.093219,19013.52,INACTIVE
SAT02359,87.080194,-130.011616,21693.48,MAINTENANCE
SAT02360,72.996719,-167.852849,13882.79,INACTIVE
SAT02361,72.258481,65.734469,19603.59,ACTIVE
SAT02362,13.959946,153.354996,14051.25,MAINTENANCE
SAT02363,15.003012,152.586263,22640.04,INACTIVE
SAT02364,-60.071903,-164.246999,14089.69,MAINTENANCE
SAT02365,-1.652607,-38.031783,28540.33,INACTIVE
SAT02366,56.470682,45.382355,22639.79,INACTIVE
SAT02367,-6.780928,59.059327,1556.83,MAINTENANCE
SAT02368,-61.3827,100.645302,19746.53,ACTIVE
SAT02369,-5.406865,-176.911568,7087.63,MAINTENANCE
SAT02370,-29.598718,6.464059,27603.17,INACTIVE
SAT02371,-42.174329,-93.979651,11944.53,MAINTENANCE
SAT02372,-35.503408,30.359833,27417.88,MAINTENANCE
SAT02373,-52.950207,-49.701582,32500.45,MAINTENANCE
SAT02374,-3.971468,-132.132615,13251.05,MAINTENANCE
SAT02375,15.020421,119.972707,15548.01,ACTIVE
SAT02376,60.354049,-158.023243,24531.27,MAINTENANCE
SAT02377,27.356565,1.407102,18281.73,ACTIVE
SAT02378,62.151501,-58.203958,32014.33,ACTIVE
SAT02379,-78.813811,-2.362075,8980.74,ACTIVE
SAT02380,-19.74438,53.461532,32037.42,MAINTENANCE
SAT02381,41.852266,171.654483,5094.39,ACTIVE
SAT02382,-20.958497,52.052633,20926.86,ACTIVE
SAT02383,-55.504769,-2.367458,25383.13,INACTIVE
SAT02384,-3.501294,-154.207735,2448.02,INACTIVE
SAT02385,53.635773,-60.473756,450.18,INACTIVE
SAT02386,-72.575655,80.853041,2235.08,INACTIVE
SAT02387,-76.666458,-122.744556,21157.62,INACTIVE
SAT02388,35.976277,98.82452,11328.14,MAINTENANCE
SAT02389,-12.40908,-75.96189,32502.66,ACTIVE
SAT02390,-41.520056,122.734525,24722.81,INACTIVE
SAT02391,58.943128,179.113265,16565.99,INACTIVE
SAT02392,31.566849,-173.801709,13612.76,INACTIVE
SAT02393,-36.96265,-1.825976,17778.07,MAINTENANCE
SAT02394,41.693938,-71.088637,16972.14,MAINTENANCE
SAT02395,28.663482,-166.892403,11763.56,MAINTENANCE
SAT02396,-68.962378,120.188966,31516.45,MAINTENANCE
SAT02397,15.161883,155.622932,7060.85,ACTIVE
SAT02398,-3.770546,-114.263005,28544.51,ACTIVE
SAT02399,36.103356,10.824702,26661.37,ACTIVE
SAT02400,-34.785892,-35.515784,30120.78,ACTIVE
SAT02401,-53.346277,-56.563726,11690.18,ACTIVE
SAT02402,63.738319,65.554583,6341.3,INACTIVE
SAT02403,0.98222,-56.468827,5366.05,ACTIVE
SAT02404,68.540882,-123.667262,33630.58,MAINTENANCE
SAT02405,-84.340923,-47.836997,2741.02,INACTIVE
SAT02406,-25.21534,-11.05028,7318.08,INACTIVE
SAT02407,88.177338,42.520141,8547.84,INACTIVE
SAT02408,80.807841,-139.085019,13534.67,ACTIVE
SAT02409,-19.53992,-136.982561,7648.61,INACTIVE
SAT02410,15.477051,-42.326552,14188.77,MAINTENANCE
SAT02411,66.817124,-157.755411,2017.77,ACTIVE
SAT02412,-81.776687,-168.465707,7727.66,MAINTENANCE
SAT02413,8.358086,134.93907,13804.64,ACTIVE
SAT02414,6.714508,49.380985,1203.03,INACTIVE
SAT02415,85.798613,-5.287071,7159.97,ACTIVE
SAT02416,69.098181,-37.313891,10570.44,ACTIVE
SAT02417,5.724532,19.50875,10968.91,MAINTENANCE
SAT02418,-11.633778,-67.644917,32477.64,INACTIVE
SAT02419,35.142244,-71.137492,19469.75,INACTIVE
SAT02420,-70.241448,-73.241099,20786.75,ACTIVE
SAT02421,-38.256672,2.285232,5094.28,INACTIVE
SAT02422,-80.161078,-124.8837,3764.67,INACTIVE
SAT02423,-25.107106,-29.986557,23477.48,INACTIVE
SAT02424,-74.499444,131.529406,8325.56,INACTIVE
SAT02425,-18.675495,67.453707,33296.03,ACTIVE
SAT02426,-24.283226,5.204777,6289.82,MAINTENANCE
SAT02427,18.049045,177.561506,31713.06,INACTIVE
SAT02428,66.531653,50.873395,1020.51,ACTIVE
SAT02429,-26.563275,143.59884,808.97,ACTIVE
SAT02430,78.509857,122.184148,17020.98,MAINTENANCE
SAT02431,-87.0664,-52.762085,19613.8,INACTIVE
SAT02432,65.02125,-1.340964,13387.86,MAINTENANCE
SAT02433,75.340629,-131.741796,23509.38,MAINTENANCE
SAT02434,-24.418627,-166.019905,23362.3,MAINTENANCE
SAT02435,46.916596,156.273692,4290.5,INACTIVE
SAT02436,-89.911626,-152.246285,33699.15,MAINTENANCE
SAT02437,0.841544,176.783982,24196.14,ACTIVE
SAT02438,-86.809612,-16.77373,2654.51,ACTIVE
SAT02439,-3.341211,128.312644,4646.95,INACTIVE
SAT02440,-63.727168,119.304509,28005.14,ACTIVE
SAT02441,-63.060816,-5.56738,703.86,INACTIVE
SAT02442,-8.251412,-145.303882,33797.36,INACTIVE
SAT02443,-31.322462,26.346207,18163.32,INACTIVE
SAT02444,88.569219,21.318179,35674.1,MAINTENANCE
SAT02445,46.11519,176.114564,31603.21,MAINTENANCE
SAT02446,-3.320664,26.524376,21306.01,INACTIVE
SAT02447,63.796001,-87.406671,24496.1,INACTIVE
SAT02448,3.005407,-4.994329,4312.28,ACTIVE
SAT02449,-22.290639,55.326928,26133.83,MAINTENANCE
SAT02450,34.868968,-132.119483,29996.82,ACTIVE
SAT02451,67.13424,26.545637,31076.88,INACTIVE
SAT02452,-72.007802,-173.960122,2270.25,MAINTENANCE
SAT02453,57.60964,-26.786805,4205.02,ACTIVE
SAT02454,-10.589497,-133.39162,30073.8,INACTIVE
SAT02455,-12.919874,132.888048,25090.59,MAINTENANCE
SAT02456,52.447682,20.620181,21688.34,ACTIVE
SAT02457,-15.711616,-76.353965,32689.62,INACTIVE
SAT02458,66.298027,-149.174094,26444.66,INACTIVE
SAT02459,59.578417,138.205115,8382.36,INACTIVE
SAT02460,-73.895713,-7.059873,17420.37,ACTIVE
SAT02461,-65.691604,-176.123218,30558.86,ACTIVE
SAT02462,89.589897,102.125955,16134.55,MAINTENANCE
SAT02463,50.578496,159.772408,24000.05,INACTIVE
SAT02464,-88.122311,-37.826026,23148.35,ACTIVE
SAT02465,1.102457,140.589086,28914.64,INACTIVE
SAT02466,61.965238,133.02103,26378.89,ACTIVE
SAT02467,88.923936,89.340245,25710.97,INACTIVE
SAT02468,32.696854,48.500738,34227.4,MAINTENANCE
SAT02469,46.109849,-127.447812,15235.34,ACTIVE
SAT02470,56.476643,178.678297,7043.6,ACTIVE
SAT02471,43.945209,165.573217,16250.52,MAINTENANCE
SAT02472,48.357556,81.110665,29029.36,MAINTENANCE
SAT02473,-24.626172,4.08504,28511.95,INACTIVE
SAT02474,-48.318853,129.870813,12133.78,INACTIVE
SAT02475,5.510121,30.463556,7393.19,MAINTENANCE
SAT02476,59.46257,-126.23029,15417.65,MAINTENANCE
SAT02477,8.388385,65.239995,604.75,INACTIVE
SAT02478,13.895629,-176.86247,9972.85,INACTIVE
SAT02479,83.807436,23.904951,10397.4,ACTIVE
SAT02480,-43.946746,121.305772,2810.82,MAINTENANCE
SAT02481,-25.437383,18.098695,16512.3,ACTIVE
SAT02482,-40.249471,36.345909,13025.27,INACTIVE
SAT02483,-53.926696,-52.655969,10535.62,ACTIVE
SAT02484,24.942491,135.343672,6560.24,INACTIVE
SAT02485,-68.420884,-163.893654,31540.25,INACTIVE
SAT02486,7.366763,-113.956912,4756.16,ACTIVE
SAT02487,-35.797566,-178.675896,27571.43,ACTIVE
SAT02488,-7.122128,-117.154093,14843.72,INACTIVE
SAT02489,-15.83478,-3.297899,19878.11,MAINTENANCE
SAT02490,-80.616635,-111.831219,24371.67,ACTIVE
SAT02491,70.215027,100.956531,26028.78,INACTIVE
SAT02492,-8.051262,172.654557,31664.75,INACTIVE
SAT02493,45.63321,-121.557019,17798.03,INACTIVE
SAT02494,-3.034043,2.41247,7630.68,MAINTENANCE
SAT02495,-21.652376,-163.432827,22566.77,ACTIVE
SAT02496,-67.515971,-19.703848,24543.69,MAINTENANCE
SAT02497,-17.363192,-79.187625,16561.87,MAINTENANCE
SAT02498,-85.48948,28.540648,1130.1,ACTIVE
SAT02499,81.223955,125.367085,17239.35,INACTIVE
SAT02500,44.441075,-97.519101,13301.29,ACTIVE
SAT02501,33.693551,104.209981,20874.99,MAINTENANCE
SAT02502,-64.432583,65.741533,27506.68,ACTIVE
SAT02503,70.898159,175.81639,32133.04,ACTIVE
SAT02504,68.133717,-61.596737,9719.11,MAINTENANCE
SAT02505,-3.318171,-113.431287,8795.44,MAINTENANCE
SAT02506,54.561602,109.804406,33029.12,INACTIVE
SAT02507,64.190736,-157.867212,13519.47,INACTIVE
SAT02508,20.130273,-29.042747,26777.13,ACTIVE
SAT02509,-86.83534,-23.163187,5350.31,ACTIVE
SAT02510,25.610876,80.214955,19687.86,INACTIVE
SAT02511,15.856654,27.168804,18637.24,ACTIVE
SAT02512,-10.959895,83.160642,33290.22,MAINTENANCE
SAT02513,65.705591,-121.212968,18117.68,MAINTENANCE
SAT02514,-20.627534,54.855373,2995.0,ACTIVE
SAT02515,-61.313362,-8.119492,6755.41,ACTIVE
SAT02516,23.109496,-63.791195,14045.65,MAINTENANCE
SAT02517,-72.718237,-5.490825,32578.83,MAINTENANCE
SAT02518,24.227223,139.903827,12114.08,INACTIVE
SAT02519,-3.782806,-106.52434,28260.39,ACTIVE
SAT02520,41.91906,177.357459,33652.62,INACTIVE
SAT02521,25.829302,66.577905,30010.43,MAINTENANCE
SAT02522,2.45132,55.027895,16820.17,ACTIVE
SAT02523,73.550921,36.34936,22733.07,MAINTENANCE
SAT02524,68.653839,-179.954518,2019.17,ACTIVE
SAT02525,-62.210449,29.726824,26771.37,INACTIVE
SAT02526,0.40787,-66.109429,15059.32,MAINTENANCE
SAT02527,-68.216575,109.42292,11169.3,MAINTENANCE
SAT02528,55.211985,76.442637,10886.22,INACTIVE
SAT02529,2.375953,-70.81273,30778.17,INACTIVE
SAT02530,-86.555976,-150.974103,20431.58,ACTIVE
SAT02531,33.823929,36.28306,18509.41,ACTIVE
SAT02532,-68.534988,-159.231244,10703.55,MAINTENANCE
SAT02533,0.004702,57.747074,7944.05,ACTIVE
SAT02534,62.992544,-50.867386,26307.63,ACTIVE
SAT02535,11.419814,-111.588259,14459.07,MAINTENANCE
SAT02536,-30.067252,-51.743894,22488.64,ACTIVE
SAT02537,83.753754,88.979098,31882.77,INACTIVE
SAT02538,10.529129,-129.863034,18237.65,MAINTENANCE
SAT02539,67.476225,12.741404,16705.8,INACTIVE
SAT02540,73.557674,-55.251851,35840.12,INACTIVE
SAT02541,59.925725,116.211771,5738.63,ACTIVE
SAT02542,-59.733711,-118.943614,27368.62,ACTIVE
SAT02543,-50.376985,137.365895,35094.12,MAINTENANCE
SAT02544,85.165365,-50.934959,295.44,MAINTENANCE
SAT02545,21.177735,-40.330354,1252.18,ACTIVE
SAT02546,16.172286,67.530804,22605.83,INACTIVE
SAT02547,-0.730279,20.267374,5282.1,MAINTENANCE
SAT02548,3.053646,174.390613,12693.05,INACTIVE
SAT02549,84.364178,131.135332,5335.07,INACTIVE
SAT02550,4.947526,106.490157,14410.44,MAINTENANCE
SAT02551,-14.396947,-108.497395,32491.01,INACTIVE
SAT02552,73.34097,105.894657,22520.59,ACTIVE
SAT02553,-34.146553,-104.098292,18257.0,ACTIVE
SAT02554,15.166594,-88.001708,10358.0,ACTIVE
SAT02555,71.930735,-13.00421,33850.26,INACTIVE
SAT02556,-27.131759,166.887814,24371.17,MAINTENANCE
SAT02557,63.942372,-176.344374,10127.81,ACTIVE
SAT02558,26.096279,97.885959,23247.01,ACTIVE
SAT02559,-31.885143,130.771138,5033.55,MAINTENANCE
SAT02560,80.201173,-96.060079,8159.02,ACTIVE
SAT02561,36.401905,19.146805,11297.16,MAINTENANCE
SAT02562,5.696317,-87.602485,4013.68,MAINTENANCE
SAT02563,75.18349,33.956263,31138.11,INACTIVE
SAT02564,-84.668917,-141.052606,2562.66,MAINTENANCE
SAT02565,-38.38952,-70.532069,21413.13,MAINTENANCE
SAT02566,2.895095,-130.891523,32351.4,MAINTENANCE
SAT02567,77.393551,-18.763561,13806.24,INACTIVE
SAT02568,85.28131,-130.350665,22753.43,INACTIVE
SAT02569,13.893295,-117.63891,25266.53,INACTIVE
SAT02570,69.343784,156.553194,4234.71,ACTIVE
SAT02571,48.246924,154.263855,11835.29,ACTIVE
SAT02572,-16.796624,-64.877879,8339.04,MAINTENANCE
SAT02573,-80.560144,110.60279,425.38,INACTIVE
SAT02574,-85.344678,71.247597,28890.57,ACTIVE
SAT02575,89.734678,-45.115552,9552.08,ACTIVE
SAT02576,71.267573,-79.206598,3102.58,ACTIVE
SAT02577,83.85562,-178.594124,3703.94,MAINTENANCE
SAT02578,42.816469,-3.564142,31394.56,INACTIVE
SAT02579,-56.732649,91.548052,28095.93,ACTIVE
SAT02580,-44.943676,-86.371579,10370.88,INACTIVE
SAT02581,52.986457,-106.472998,9967.39,ACTIVE
SAT02582,73.83395,100.221603,1356.3,ACTIVE
SAT02583,-22.402134,67.313895,19578.74,MAINTENANCE
SAT02584,-62.518501,-35.31605,14067.42,ACTIVE
SAT02585,78.814265,-154.935782,23675.63,INACTIVE
SAT02586,-62.598833,4.103479,2402.81,ACTIVE
SAT02587,68.916575,-28.247034,22526.7,ACTIVE
SAT02588,31.806894,41.773476,19285.47,ACTIVE
SAT02589,-26.08434,-155.699181,3665.62,MAINTENANCE
SAT02590,81.951595,-70.261174,16200.6,ACTIVE
SAT02591,-54.212409,58.099545,5511.13,MAINTENANCE
SAT02592,-9.655105,-113.82347,2011.89,ACTIVE
SAT02593,41.987115,172.231855,32689.11,INACTIVE
SAT02594,-80.280263,139.456722,24547.31,MAINTENANCE
SAT02595,28.67798,-171.935707,15386.65,INACTIVE
SAT02596,30.782869,41.198117,6558.41,ACTIVE
SAT02597,-12.014788,22.092589,2126.29,INACTIVE
SAT02598,63.893398,-129.884172,16006.8,INACTIVE
SAT02599,-14.407002,-22.288078,16162.09,INACTIVE
SAT02600,-4.64645,83.616496,20460.42,MAINTENANCE
SAT02601,9.083512,58.384435,14525.28,ACTIVE
SAT02602,9.029131,-18.186975,10593.71,ACTIVE
SAT02603,81.730656,150.208125,667.2,INACTIVE
SAT02604,49.718611,-173.453668,10561.27,ACTIVE
SAT02605,69.812365,87.638213,12728.68,MAINTENANCE
SAT02606,65.555964,-170.71927,33339.21,ACTIVE
SAT02607,62.714318,-9.972022,26835.06,MAINTENANCE
SAT02608,83.530555,169.109152,13480.18,INACTIVE
SAT02609,53.478683,90.206771,10593.56,MAINTENANCE
SAT02610,72.944053,-125.708332,10231.25,MAINTENANCE
SAT02611,-12.076784,178.689591,13183.46,ACTIVE
SAT02612,23.732669,-33.979721,29216.85,ACTIVE
SAT02613,-56.067516,159.765454,13862.55,ACTIVE
SAT02614,-0.627705,-102.238949,11844.02,MAINTENANCE
SAT02615,15.213618,117.854868,11490.89,ACTIVE
SAT02616,-33.722964,140.800947,3722.69,MAINTENANCE
SAT02617,33.726492,-127.093812,20711.02,MAINTENANCE
SAT02618,4.034219,-132.417305,12090.69,MAINTENANCE
SAT02619,-11.551223,-134.347854,24942.67,MAINTENANCE
SAT02620,-35.311994,8.724066,8980.3,ACTIVE
SAT02621,-62.854764,173.859109,7121.3,MAINTENANCE
SAT02622,-32.412006,-122.578775,3989.14,ACTIVE
SAT02623,-7.025072,-18.029802,12784.25,ACTIVE
SAT02624,-88.608665,-142.816468,32330.59,MAINTENANCE
SAT02625,-55.807233,55.587623,20603.46,INACTIVE
SAT02626,-30.313207,-72.336309,9129.6,INACTIVE
SAT02627,-80.476424,170.820851,17663.31,INACTIVE
SAT02628,54.078789,-123.576611,10103.9,INACTIVE
SAT02629,71.572055,-124.109029,25619.94,ACTIVE
SAT02630,40.21154,169.144022,30798.71,MAINTENANCE
SAT02631,-80.306118,-108.702777,9588.31,MAINTENANCE
SAT02632,-46.294192,40.700209,20402.29,MAINTENANCE
SAT02633,-22.507917,-145.672946,13894.19,INACTIVE
SAT02634,-70.612588,142.377482,31721.58,ACTIVE
SAT02635,52.170515,173.246076,35401.13,ACTIVE
SAT02636,-63.33859,12.280868,15592.97,MAINTENANCE
SAT02637,84.784424,129.708072,12537.9,ACTIVE
SAT02638,4.037255,-18.859554,18988.46,ACTIVE
SAT02639,43.162337,115.890996,23716.0,MAINTENANCE
SAT02640,-10.877026,-15.017775,29853.2,ACTIVE
SAT02641,77.052187,-33.849114,11389.63,MAINTENANCE
SAT02642,-69.187818,-117.008575,5932.89,MAINTENANCE
SAT02643,44.707319,86.396173,27744.66,MAINTENANCE
SAT02644,73.927271,-62.357377,24968.06,INACTIVE
SAT02645,-62.039466,-6.924318,22229.29,MAINTENANCE
SAT02646,-50.430039,-167.907858,29014.86,ACTIVE
SAT02647,-30.494745,-80.072946,8386.2,MAINTENANCE
SAT02648,36.172873,-3.714307,27422.5,MAINTENANCE
SAT02649,-64.760043,25.935031,6979.45,INACTIVE
SAT02650,-69.279196,-149.697815,27625.51,INACTIVE
SAT02651,-61.895806,146.78221,9277.62,MAINTENANCE
SAT02652,55.116006,72.698416,23114.3,INACTIVE
SAT02653,21.346006,93.541663,9989.9,MAINTENANCE
SAT02654,-51.080135,82.866843,8783.9,INACTIVE
SAT02655,65.303321,-33.190443,8130.2,ACTIVE
SAT02656,-66.462998,120.704743,31581.64,MAINTENANCE
SAT02657,32.914569,-68.099981,13537.8,INACTIVE
SAT02658,15.083827,-88.54827,33245.05,MAINTENANCE
SAT02659,80.850903,-16.152367,27545.18,ACTIVE
SAT02660,32.19688,-82.746176,3441.13,MAINTENANCE
SAT02661,-53.992796,-162.566504,18479.87,INACTIVE
SAT02662,52.269232,-74.58995,4411.2,INACTIVE
SAT02663,-79.680532,116.836642,7164.78,MAINTENANCE
SAT02664,-75.440226,-92.367238,26116.7,MAINTENANCE
SAT02665,43.5534,41.10493,12888.59,MAINTENANCE
SAT02666,-82.36427,14.277578,30091.54,MAINTENANCE
SAT02667,24.447629,-21.058923,28992.09,ACTIVE
SAT02668,37.749625,68.400288,22087.98,INACTIVE
SAT02669,39.290483,50.159769,27331.08,MAINTENANCE
SAT02670,-6.455233,74.618511,31820.28,ACTIVE
SAT02671,2.750185,2.653545,26116.93,ACTIVE
SAT02672,-64.719683,-166.539439,3579.23,ACTIVE
SAT02673,-84.316155,129.060402,26997.36,ACTIVE
SAT02674,66.258527,-17.018873,15125.83,MAINTENANCE
SAT02675,36.890827,102.278661,27246.43,ACTIVE
SAT02676,-59.606617,-65.271319,33044.36,MAINTENANCE
SAT02677,-10.322658,-32.978079,31222.91,MAINTENANCE
SAT02678,-80.330124,-57.050078,4956.77,ACTIVE
SAT02679,-52.626769,-8.89027,2951.71,MAINTENANCE
SAT02680,78.49237,-19.195389,33338.12,INACTIVE
SAT02681,-27.242802,177.682044,26767.42,ACTIVE
SAT02682,55.745287,-27.786991,2580.97,MAINTENANCE
SAT02683,9.82432,173.349458,8248.61,INACTIVE
SAT02684,82.628031,134.476428,21607.06,INACTIVE
SAT02685,-13.680203,-173.810999,28602.73,INACTIVE
SAT02686,-46.435711,-160.949701,28157.96,INACTIVE
SAT02687,-39.92784,-75.068535,1841.09,ACTIVE
SAT02688,-79.390543,-69.944989,4824.09,INACTIVE
SAT02689,64.589807,66.175922,19064.92,INACTIVE
SAT02690,-38.783971,-111.366635,10996.69,ACTIVE
SAT02691,-3.547711,42.322052,6659.13,ACTIVE
SAT02692,-12.392762,168.029244,4356.58,ACTIVE
SAT02693,56.432321,64.093443,2761.95,INACTIVE
SAT02694,34.6053,-163.071571,20834.09,ACTIVE
SAT02695,54.548364,11.213765,27331.31,ACTIVE
SAT02696,-8.160551,32.353981,21668.3,ACTIVE
SAT02697,-62.501886,-142.199489,14146.64,MAINTENANCE
SAT02698,27.171048,-18.302343,2606.93,ACTIVE
SAT02699,-30.415454,55.699495,19326.94,MAINTENANCE
SAT02700,-16.468899,-115.45266,27124.56,MAINTENANCE
SAT02701,43.885906,61.498904,34012.8,ACTIVE
SAT02702,67.321741,-109.899251,25273.68,INACTIVE
SAT02703,-82.524412,139.932119,2725.77,ACTIVE
SAT02704,29.818483,-81.693203,15519.18,ACTIVE
SAT02705,1.833429,28.038884,2406.7,INACTIVE
SAT02706,73.665238,126.192509,8131.4,ACTIVE
SAT02707,-57.953644,18.550277,29746.49,ACTIVE
SAT02708,-6.101433,148.883427,14670.93,ACTIVE
SAT02709,-10.915437,74.795243,17102.53,ACTIVE
SAT02710,-70.507687,-139.50051,26300.98,ACTIVE
SAT02711,-77.758755,-119.789472,7781.06,ACTIVE
SAT02712,74.30962,-43.42926,6100.1,MAINTENANCE
SAT02713,22.305781,-99.535573,11776.78,MAINTENANCE
SAT02714,-63.125466,136.061899,1823.56,MAINTENANCE
SAT02715,-71.329225,-78.005036,19073.79,INACTIVE
SAT02716,19.666443,92.694158,27875.53,INACTIVE
SAT02717,82.944062,-26.687488,10497.13,MAINTENANCE
SAT02718,-29.001222,-59.352275,870.57,INACTIVE
SAT02719,-46.023819,-10.27035,30390.41,ACTIVE
SAT02720,81.669416,122.674168,27048.38,ACTIVE
SAT02721,-24.189039,-108.131545,20862.03,ACTIVE
SAT02722,-7.207598,-151.75088,16589.99,ACTIVE
SAT02723,39.49368,61.342247,16731.17,INACTIVE
SAT02724,18.42016,13.301549,13560.43,MAINTENANCE
SAT02725,-63.376754,-78.246399,16719.22,INACTIVE
SAT02726,-48.110666,-170.739101,11349.79,INACTIVE
SAT02727,76.8885,-132.578742,16200.85,ACTIVE
SAT02728,-21.134814,39.007713,24297.95,MAINTENANCE
SAT02729,-59.481335,127.572502,8503.33,INACTIVE
SAT02730,-66.350171,124.133605,26376.19,MAINTENANCE
SAT02731,1.046012,-160.418666,21824.66,ACTIVE
SAT02732,29.105259,-154.580286,25277.65,ACTIVE
SAT02733,-39.002996,27.705402,16753.25,ACTIVE
SAT02734,14.261553,-147.106643,26766.84,MAINTENANCE
SAT02735,77.826248,-172.734563,35427.98,INACTIVE
SAT02736,24.4914,4.550343,27708.71,MAINTENANCE
SAT02737,4.090759,35.777028,3803.91,ACTIVE
SAT02738,-14.926018,-178.903019,23119.18,ACTIVE
SAT02739,80.483931,123.73374,23802.04,INACTIVE
SAT02740,44.728413,94.848236,17479.4,INACTIVE
SAT02741,25.374166,170.580208,29729.65,ACTIVE
SAT02742,-35.717061,105.72666,32209.43,ACTIVE
SAT02743,78.345934,140.164476,10099.78,MAINTENANCE
SAT02744,-73.959658,-55.443559,34099.06,MAINTENANCE
SAT02745,5.346725,23.02525,9217.23,MAINTENANCE
SAT02746,-8.795504,117.37852,14743.17,ACTIVE
SAT02747,41.303083,113.060368,7781.87,MAINTENANCE
SAT02748,6.139176,11.397451,17852.43,ACTIVE
SAT02749,-88.263915,-82.479053,12919.94,ACTIVE
SAT02750,-14.126279,-163.391644,26685.75,ACTIVE
SAT02751,-37.78843,113.06976,10037.35,INACTIVE
SAT02752,16.179295,-106.91153,27009.84,ACTIVE
SAT02753,-1.620249,169.190118,7748.1,MAINTENANCE
SAT02754,-83.063202,-40.126291,29811.03,MAINTENANCE
SAT02755,-16.489454,-62.145126,14185.98,INACTIVE
SAT02756,-13.907936,-90.209882,9632.63,MAINTENANCE
SAT02757,-12.617441,33.803996,35100.51,MAINTENANCE
SAT02758,-76.099753,157.466866,9198.68,ACTIVE
SAT02759,13.665351,40.339285,28373.87,INACTIVE
SAT02760,45.163234,-102.704111,4093.5,MAINTENANCE
SAT02761,81.88338,118.961736,7143.79,ACTIVE
SAT02762,87.181279,24.906782,11583.97,INACTIVE
SAT02763,-67.556541,123.874677,5988.76,INACTIVE
SAT02764,57.087364,-178.678748,26251.83,ACTIVE
SAT02765,84.349395,-149.322496,9525.36,INACTIVE
SAT02766,-30.348069,11.262387,32740.76,ACTIVE
SAT02767,-58.522865,-80.373768,27259.55,MAINTENANCE
SAT02768,-12.746625,171.957978,12758.71,INACTIVE
SAT02769,37.921904,-135.98148,35019.36,ACTIVE
SAT02770,-81.520787,-141.789859,3886.25,ACTIVE
SAT02771,47.418855,-138.719367,21104.13,ACTIVE
SAT02772,38.024061,131.919286,12135.05,ACTIVE
SAT02773,-25.93666,-10.056853,31449.21,ACTIVE
SAT02774,-25.465091,-81.973182,25080.02,ACTIVE
SAT02775,-79.65551,-110.740083,35879.14,INACTIVE
SAT02776,14.01595,25.839391,31293.22,ACTIVE
SAT02777,3.184608,22.240955,26725.52,ACTIVE
SAT02778,45.236229,51.989743,15930.82,ACTIVE
SAT02779,-73.781518,-98.872937,18919.16,MAINTENANCE
SAT02780,38.173101,-124.734925,7462.7,ACTIVE
SAT02781,59.305331,-37.051168,10655.28,ACTIVE
SAT02782,86.181588,80.488861,11641.39,MAINTENANCE
SAT02783,11.139594,29.25959,19380.81,ACTIVE
SAT02784,-87.083864,43.962001,6241.41,INACTIVE
SAT02785,-18.967449,-93.7688,33152.19,MAINTENANCE
SAT02786,-79.772546,106.484281,5088.82,ACTIVE
SAT02787,-11.365088,157.180751,7596.93,INACTIVE
SAT02788,36.826191,-93.499513,29530.25,INACTIVE
SAT02789,-27.52275,17.457116,1848.64,ACTIVE
SAT02790,-50.981136,164.749553,5818.45,MAINTENANCE
SAT02791,-46.791092,6.577891,10492.5,INACTIVE
SAT02792,-4.263606,-67.716362,3743.94,ACTIVE
SAT02793,-19.559242,127.473,6134.1,INACTIVE
SAT02794,-20.35704,35.433464,13592.52,MAINTENANCE
SAT02795,11.583543,132.766736,19579.62,MAINTENANCE
SAT02796,56.323813,-176.999904,5956.01,ACTIVE
SAT02797,15.014698,131.563782,2473.09,INACTIVE
SAT02798,24.136553,-123.737929,10124.91,MAINTENANCE
SAT02799,-60.025013,-14.040567,31137.98,ACTIVE
SAT02800,-30.243374,-96.28195,21671.84,INACTIVE
SAT02801,87.668625,-5.780575,12161.57,MAINTENANCE
SAT02802,-67.016924,-69.633535,18873.48,ACTIVE
SAT02803,-69.489409,5.323024,24544.8,ACTIVE
SAT02804,26.794489,105.645223,3021.28,INACTIVE
SAT02805,-40.526793,-161.798368,33840.89,INACTIVE
SAT02806,61.45902,145.567278,17618.67,ACTIVE
SAT02807,69.320531,16.508491,27606.48,INACTIVE
SAT02808,-52.946842,-167.608921,14883.52,ACTIVE
SAT02809,1.957636,148.491248,14577.72,ACTIVE
SAT02810,44.936438,-107.786045,4208.3,INACTIVE
SAT02811,-48.506646,98.284208,28622.75,ACTIVE
SAT02812,-84.531223,-73.736154,24305.88,MAINTENANCE
SAT02813,19.230037,176.257249,4124.8,INACTIVE
SAT02814,-43.735778,-38.238336,28183.96,MAINTENANCE
SAT02815,84.19548,147.506878,26944.95,INACTIVE
SAT02816,20.34711,22.449947,19133.16,INACTIVE
SAT02817,-22.731773,66.625734,27539.73,INACTIVE
SAT02818,-49.601401,32.291853,16604.06,INACTIVE
SAT02819,53.088139,65.841551,25027.43,ACTIVE
SAT02820,18.113078,28.808287,14805.88,INACTIVE
SAT02821,-12.020378,-72.832422,4202.03,INACTIVE
SAT02822,-54.888246,42.355505,9963.03,ACTIVE
SAT02823,26.075152,104.464245,35230.31,INACTIVE
SAT02824,-81.409234,-53.306873,16200.37,INACTIVE
SAT02825,-68.241229,57.502777,20889.3,INACTIVE
SAT02826,-2.959861,-177.377481,6153.32,INACTIVE
SAT02827,55.474103,-25.110636,18964.9,ACTIVE
SAT02828,81.745752,71.091313,13148.06,INACTIVE
SAT02829,-28.155946,49.094412,25289.07,MAINTENANCE
SAT02830,-74.504423,89.997253,22081.85,MAINTENANCE
SAT02831,-57.892056,112.221536,27392.56,MAINTENANCE
SAT02832,50.975174,11.891553,30119.36,MAINTENANCE
SAT02833,89.355856,70.199526,26203.93,MAINTENANCE
SAT02834,11.888102,-79.493295,31119.3,MAINTENANCE
SAT02835,-44.694935,-144.044463,24072.06,INACTIVE
SAT02836,-68.965752,-2.436947,27795.14,INACTIVE
SAT02837,27.185032,57.298764,2192.01,MAINTENANCE
SAT02838,-50.217135,-120.99041,34142.25,MAINTENANCE
SAT02839,-53.358536,120.764042,35520.41,MAINTENANCE
SAT02840,-67.50595,-142.141743,12837.9,MAINTENANCE
SAT02841,69.598713,-63.0143,28723.91,MAINTENANCE
SAT02842,-0.306693,10.36512,13892.07,ACTIVE
SAT02843,12.799275,9.011292,7016.84,INACTIVE
SAT02844,7.461667,-2.588763,31300.46,ACTIVE
SAT02845,-38.614762,-112.400541,9032.58,INACTIVE
SAT02846,8.85354,17.339801,31702.12,MAINTENANCE
SAT02847,-78.354338,-17.670203,7222.59,ACTIVE
SAT02848,-53.518319,-39.361726,33701.0,INACTIVE
SAT02849,-2.420058,-0.776749,10676.6,ACTIVE
SAT02850,55.158283,141.156564,10062.44,MAINTENANCE
SAT02851,63.369745,-74.159063,28477.13,INACTIVE
SAT02852,-10.733959,-75.375549,14763.0,MAINTENANCE
SAT02853,75.025752,46.249187,25365.3,MAINTENANCE
SAT02854,-21.110073,-102.609605,13560.85,MAINTENANCE
SAT02855,-88.345959,120.157151,7490.09,MAINTENANCE
SAT02856,31.399669,75.176251,31134.99,ACTIVE
SAT02857,-65.181065,-177.026134,22887.72,INACTIVE
SAT02858,-0.093283,163.31742,15210.96,ACTIVE
SAT02859,69.12841,14.096643,3311.41,MAINTENANCE
SAT02860,3.617495,125.422986,8515.97,ACTIVE
SAT02861,60.074045,43.80417,33317.44,INACTIVE
SAT02862,67.222359,46.056834,7084.17,INACTIVE
SAT02863,26.80315,21.721131,26311.1,ACTIVE
SAT02864,-13.31836,-106.309505,23725.69,MAINTENANCE
SAT02865,-28.428151,120.466979,29262.39,ACTIVE
SAT02866,-55.172462,-113.33281,17818.39,MAINTENANCE
SAT02867,62.08071,-161.505234,30021.06,MAINTENANCE
SAT02868,-88.989576,128.6159,19620.11,MAINTENANCE
SAT02869,-7.209425,-29.75655,23227.77,INACTIVE
SAT02870,81.088937,-31.707872,2425.27,INACTIVE
SAT02871,29.913794,-99.836949,7780.16,ACTIVE
SAT02872,-44.852687,-150.167476,30149.03,MAINTENANCE
SAT02873,-5.587631,12.40682,26345.61,MAINTENANCE
SAT02874,51.010798,-118.650203,9983.77,INACTIVE
SAT02875,-60.635585,-67.492882,8631.97,MAINTENANCE
SAT02876,-3.533332,12.3804,6224.94,ACTIVE
SAT02877,4.483564,156.846366,11628.5,INACTIVE
SAT02878,-31.277381,-52.371946,22900.51,INACTIVE
SAT02879,-42.056123,74.018076,32728.47,MAINTENANCE
SAT02880,5.429859,-88.094148,12892.66,ACTIVE
SAT02881,-80.58822,79.536131,7666.35,ACTIVE
SAT02882,87.511867,79.836198,3105.49,ACTIVE
SAT02883,-59.815266,-132.062952,27452.26,INACTIVE
SAT02884,-21.344752,81.041374,11004.38,INACTIVE
SAT02885,62.473009,-98.6984,14387.64,ACTIVE
SAT02886,-65.523651,-27.194677,3144.69,ACTIVE
SAT02887,-36.09148,99.827537,24388.39,ACTIVE
SAT02888,-83.400629,-156.89196,27103.64,ACTIVE
SAT02889,17.734173,-24.609487,6683.68,ACTIVE
SAT02890,-89.8951,39.183814,18230.28,INACTIVE
SAT02891,-49.762333,-151.150484,29932.23,MAINTENANCE
SAT02892,-58.250846,74.940371,17727.44,INACTIVE
SAT02893,31.84479,158.169812,31987.92,ACTIVE
SAT02894,-55.050704,155.209059,34311.92,ACTIVE
SAT02895,-10.355402,-56.243597,1884.2,ACTIVE
SAT02896,4.413853,-25.045052,4262.37,ACTIVE
SAT02897,-37.983053,136.543159,19835.9,INACTIVE
SAT02898,-85.525857,-131.942818,20101.03,MAINTENANCE
SAT02899,-62.138561,7.864945,2522.6,MAINTENANCE
SAT02900,20.632069,80.306731,11820.7,MAINTENANCE
SAT02901,80.077147,-53.636754,23634.02,ACTIVE
SAT02902,32.124185,59.718261,13369.82,ACTIVE
SAT02903,-77.065551,21.440235,30016.78,ACTIVE
SAT02904,-79.940723,70.948695,10075.21,INACTIVE
SAT02905,49.467859,-173.140302,20655.91,ACTIVE
SAT02906,-4.442877,-32.043417,31704.18,INACTIVE
SAT02907,12.238726,135.623998,1386.67,ACTIVE
SAT02908,-0.862546,132.158547,24985.35,INACTIVE
SAT02909,83.406659,-126.267666,22138.85,INACTIVE
SAT02910,-7.183852,-69.773549,22559.84,INACTIVE
SAT02911,38.942573,-80.478904,34308.1,INACTIVE
SAT02912,84.200677,34.116243,30735.72,INACTIVE
SAT02913,17.914217,-88.850593,19656.41,ACTIVE
SAT02914,-20.229369,73.354413,15296.19,ACTIVE
SAT02915,-4.082507,72.244702,32668.22,MAINTENANCE
SAT02916,38.831605,85.322949,23630.56,MAINTENANCE
SAT02917,47.752545,-142.908791,13493.05,INACTIVE
SAT02918,13.133212,32.271993,11793.2,ACTIVE
SAT02919,-57.422217,44.562653,17054.83,MAINTENANCE
SAT02920,34.677397,78.888059,1194.95,ACTIVE
SAT02921,21.211873,-123.56281,15842.52,ACTIVE
SAT02922,61.360304,64.376206,33625.34,ACTIVE
SAT02923,60.940002,66.940861,24035.39,MAINTENANCE
SAT02924,30.043852,96.107978,30618.63,INACTIVE
SAT02925,64.596934,-67.661483,4539.44,INACTIVE
SAT02926,24.746758,-41.653975,18824.21,MAINTENANCE
SAT02927,-17.812586,73.94084,26119.2,ACTIVE
SAT02928,-86.900193,154.421769,7818.62,ACTIVE
SAT02929,12.074123,137.65453,10944.72,INACTIVE
SAT02930,-79.561158,-41.288499,11895.41,INACTIVE
SAT02931,4.61983,-18.493231,11038.15,ACTIVE
SAT02932,30.411361,154.766897,681.95,ACTIVE
SAT02933,-83.655298,17.953723,20229.46,MAINTENANCE
SAT02934,74.898929,116.010237,3108.91,ACTIVE
SAT02935,-24.631086,75.24955,13462.91,ACTIVE
SAT02936,-56.375106,-176.57121,3752.93,INACTIVE
SAT02937,-74.225168,110.398741,476.58,MAINTENANCE
SAT02938,-65.044901,-85.76561,10703.42,ACTIVE
SAT02939,-88.009315,102.136747,24757.95,INACTIVE
SAT02940,-24.550792,65.878491,34955.15,MAINTENANCE
SAT02941,78.084704,179.330137,19675.95,ACTIVE
SAT02942,54.637965,52.563726,26313.89,ACTIVE
SAT02943,85.672573,142.495802,30416.88,ACTIVE
SAT02944,-32.510328,166.263565,22799.22,MAINTENANCE
SAT02945,57.120375,-135.010987,20569.51,MAINTENANCE
SAT02946,-85.056029,-17.051445,16710.15,ACTIVE
SAT02947,-0.186121,-146.040349,9106.64,ACTIVE
SAT02948,-63.520492,141.040332,707.95,ACTIVE
SAT02949,45.190189,178.059709,3059.79,MAINTENANCE
SAT02950,12.404562,-73.593461,1904.71,ACTIVE
SAT02951,-12.258773,-28.066246,2891.22,ACTIVE
SAT02952,-28.362123,98.601219,2513.47,MAINTENANCE
SAT02953,53.87648,-3.470807,28106.69,ACTIVE
SAT02954,16.831041,97.479012,21314.03,ACTIVE
SAT02955,-86.167127,13.58455,34575.11,INACTIVE
SAT02956,-6.824633,136.184757,1182.78,ACTIVE
SAT02957,84.345907,137.108722,30375.7,INACTIVE
SAT02958,-77.818445,83.533619,27077.04,ACTIVE
SAT02959,61.885102,149.198498,4675.67,ACTIVE
SAT02960,-59.20172,-150.870691,6274.75,INACTIVE
SAT02961,0.428904,133.860668,30482.09,INACTIVE
SAT02962,44.191019,-95.06182,12531.65,MAINTENANCE
SAT02963,31.016207,-157.227228,34884.77,MAINTENANCE
SAT02964,-6.294777,-115.392801,9439.58,MAINTENANCE
SAT02965,69.462561,71.57199,13071.11,INACTIVE
SAT02966,87.208895,34.444872,26267.03,ACTIVE
SAT02967,12.204142,-114.963608,14759.33,INACTIVE
SAT02968,53.98363,-1.648142,23518.94,MAINTENANCE
SAT02969,83.397376,-136.646656,15986.35,MAINTENANCE
SAT02970,60.606762,59.396815,28933.17,ACTIVE
SAT02971,-13.716931,-52.931893,20575.44,ACTIVE
SAT02972,-22.751775,177.792127,29968.8,INACTIVE
SAT02973,80.530133,-1.412508,1742.26,ACTIVE
SAT02974,-69.11309,112.395386,4603.11,ACTIVE
SAT02975,-26.213956,172.306661,8948.92,ACTIVE
SAT02976,64.531864,-113.532238,34094.89,MAINTENANCE
SAT02977,78.556994,45.594482,16983.03,INACTIVE
SAT02978,67.140903,-107.234148,35255.68,ACTIVE
SAT02979,8.538054,48.037823,29810.35,ACTIVE
SAT02980,-89.377507,-49.63107,35750.2,ACTIVE
SAT02981,-52.850121,-168.600821,11169.92,ACTIVE
SAT02982,-1.911432,-174.731485,27313.34,MAINTENANCE
SAT02983,-37.928304,121.701148,32365.09,MAINTENANCE
SAT02984,71.440943,38.733657,9841.78,ACTIVE
SAT02985,46.058703,-0.732602,19936.9,ACTIVE
SAT02986,27.877479,51.324162,1354.22,INACTIVE
SAT02987,-40.755085,24.941277,31953.69,MAINTENANCE
SAT02988,-13.428676,-154.110645,13061.14,ACTIVE
SAT02989,28.205929,15.783445,17476.65,ACTIVE
SAT02990,62.529255,-12.971194,15621.49,MAINTENANCE
SAT02991,80.401458,162.274114,18484.56,ACTIVE
SAT02992,-81.167817,-133.438637,8928.37,INACTIVE
SAT02993,17.714563,-124.340346,14776.41,MAINTENANCE
SAT02994,65.853124,111.338917,14983.66,ACTIVE
SAT02995,18.612693,54.443067,33025.27,ACTIVE
SAT02996,17.381061,178.947521,10698.09,ACTIVE
SAT02997,-19.342522,-38.126307,34777.47,MAINTENANCE
SAT02998,46.37452,153.767712,31654.74,INACTIVE
SAT02999,-55.777132,155.047777,16336.94,INACTIVE
SAT03000,25.147962,68.204502,31420.95,ACTIVE
SAT03001,36.396516,-93.554831,21657.17,MAINTENANCE
SAT03002,-28.186454,-67.643906,32518.76,ACTIVE
SAT03003,23.259091,43.63019,27604.88,ACTIVE
SAT03004,-27.12317,-139.688441,5464.9,ACTIVE
SAT03005,87.559741,48.113438,15391.32,MAINTENANCE
SAT03006,-65.530816,113.658571,7900.54,MAINTENANCE
SAT03007,60.802798,-134.064091,6976.33,INACTIVE
SAT03008,16.512528,31.095468,23087.9,ACTIVE
SAT03009,-28.490302,-45.328653,27674.92,INACTIVE
SAT03010,-40.670719,102.188831,19452.16,MAINTENANCE
SAT03011,41.822442,-56.341994,34652.94,INACTIVE
SAT03012,43.006877,64.17968,16515.32,ACTIVE
SAT03013,-53.107737,-65.614245,5079.13,INACTIVE
SAT03014,-67.60059,-46.868087,19894.58,ACTIVE
SAT03015,-39.294679,18.601846,21812.52,ACTIVE
SAT03016,3.566479,-24.609296,20140.32,ACTIVE
SAT03017,-60.473,-145.804147,10577.51,INACTIVE
SAT03018,-5.715438,82.652239,15162.07,ACTIVE
SAT03019,27.530231,-20.730578,15285.21,INACTIVE
SAT03020,72.855231,-121.054055,32665.56,ACTIVE
SAT03021,-26.234694,144.866037,22794.04,MAINTENANCE
SAT03022,74.895224,49.112299,14527.04,INACTIVE
SAT03023,56.296103,-7.553471,8774.51,INACTIVE
SAT03024,-77.98124,-173.807481,13649.97,INACTIVE
SAT03025,78.123056,164.28592,26455.75,ACTIVE
SAT03026,-57.073408,-172.120025,572.82,INACTIVE
SAT03027,-51.283986,-175.644073,22991.27,ACTIVE
SAT03028,-19.868475,105.90523,30815.77,MAINTENANCE
SAT03029,42.967829,-175.980806,17350.38,MAINTENANCE
SAT03030,-34.716289,110.49598,31452.34,ACTIVE
SAT03031,-16.480509,69.757556,35289.57,ACTIVE
SAT03032,49.951288,-113.464413,9402.38,MAINTENANCE
SAT03033,-59.099364,-135.897436,19550.16,MAINTENANCE
SAT03034,87.437113,4.601342,13919.35,MAINTENANCE
SAT03035,59.544482,69.193232,25707.05,ACTIVE
SAT03036,88.026347,-38.15873,13103.33,ACTIVE
SAT03037,-72.590964,116.732988,33728.98,INACTIVE
SAT03038,-65.948633,97.111117,2251.65,INACTIVE
SAT03039,65.395734,-32.364832,3722.93,INACTIVE
SAT03040,-58.367519,-156.075451,11293.99,INACTIVE
SAT03041,-62.603701,59.232276,35433.44,INACTIVE
SAT03042,-4.179672,169.40202,1447.39,ACTIVE
SAT03043,-82.913803,90.570865,5471.45,ACTIVE
SAT03044,-57.49463,-47.9835,23121.15,INACTIVE
SAT03045,-32.338469,-49.133526,4631.26,INACTIVE
SAT03046,70.62383,121.135943,1061.39,MAINTENANCE
SAT03047,52.937862,-55.780091,1428.9,MAINTENANCE
SAT03048,20.631112,36.06936,12375.67,ACTIVE
SAT03049,28.755916,-166.160818,5734.0,INACTIVE
SAT03050,78.692437,73.277692,20625.24,INACTIVE
SAT03051,10.190529,-143.364905,1760.04,INACTIVE
SAT03052,-71.48775,67.864503,13120.33,ACTIVE
SAT03053,55.193789,170.350932,30723.06,MAINTENANCE
SAT03054,62.648126,-56.65447,35712.09,MAINTENANCE
SAT03055,-28.544496,79.340291,3536.41,MAINTENANCE
SAT03056,-56.057244,-118.295295,15895.08,MAINTENANCE
SAT03057,77.055444,159.081528,34141.89,INACTIVE
SAT03058,43.063477,120.976454,14372.07,MAINTENANCE
SAT03059,-71.388699,-26.420702,29849.0,ACTIVE
SAT03060,29.184182,-163.08889,7611.56,ACTIVE
SAT03061,-4.04098,112.163231,16535.82,MAINTENANCE
SAT03062,-51.156542,130.949609,35193.32,MAINTENANCE
SAT03063,84.667571,-55.966575,25926.91,ACTIVE
SAT03064,35.801351,-133.487104,28652.88,ACTIVE
SAT03065,-84.423107,-129.047393,10785.76,ACTIVE
SAT03066,-50.302651,45.909853,25891.37,INACTIVE
SAT03067,14.28763,125.006835,16976.88,MAINTENANCE
SAT03068,-80.16005,-54.880574,11865.07,MAINTENANCE
SAT03069,-31.878313,-118.121653,3980.18,MAINTENANCE
SAT03070,-79.848474,-163.672436,24283.2,INACTIVE
SAT03071,78.186359,-123.875841,35744.24,MAINTENANCE
SAT03072,-63.223486,90.06047,16803.22,MAINTENANCE
SAT03073,43.508014,65.973099,9171.93,ACTIVE
SAT03074,66.420007,65.650957,25814.8,ACTIVE
SAT03075,10.170047,62.705506,12175.58,ACTIVE
SAT03076,71.074612,3.764669,5921.48,MAINTENANCE
SAT03077,-14.878194,-17.786227,24190.33,ACTIVE
SAT03078,-69.510524,144.179654,34084.55,ACTIVE
SAT03079,-44.620262,8.185511,16575.11,ACTIVE
SAT03080,-47.183042,-95.147857,20583.05,ACTIVE
SAT03081,-10.925651,68.919064,31882.93,INACTIVE
SAT03082,-10.872501,171.492363,12773.62,MAINTENANCE
SAT03083,41.03072,101.944655,17647.2,ACTIVE
SAT03084,65.761708,132.831896,3251.61,INACTIVE
SAT03085,-33.562539,37.270607,29217.37,MAINTENANCE
SAT03086,72.934453,84.607188,12850.44,MAINTENANCE
SAT03087,73.267598,-145.505967,6543.92,MAINTENANCE
SAT03088,10.099307,92.727741,28053.97,MAINTENANCE
SAT03089,25.53804,-117.710302,1163.98,INACTIVE
SAT03090,29.056589,51.082465,24798.29,ACTIVE
SAT03091,-78.089772,80.116936,26880.4,ACTIVE
SAT03092,-78.426968,-172.261398,24925.69,INACTIVE
SAT03093,-24.399655,-143.844291,4859.13,ACTIVE
SAT03094,7.370726,115.530525,32837.87,MAINTENANCE
SAT03095,-88.484141,148.097867,17687.16,MAINTENANCE
SAT03096,-12.39715,160.51716,28700.66,INACTIVE
SAT03097,-7.803452,134.425064,28954.8,MAINTENANCE
SAT03098,-78.043771,130.785467,22756.29,MAINTENANCE
SAT03099,68.729168,19.009523,23488.04,ACTIVE
SAT03100,2.00674,-56.993436,32251.56,ACTIVE
SAT03101,11.390514,61.577804,9458.24,INACTIVE
SAT03102,74.78916,-160.397579,15272.52,MAINTENANCE
SAT03103,88.514586,133.448572,7441.32,INACTIVE
SAT03104,36.90796,-140.647772,18178.09,MAINTENANCE
SAT03105,-49.922163,158.741066,24698.92,MAINTENANCE
SAT03106,-85.396956,99.833806,14268.91,INACTIVE
SAT03107,-49.70218,-99.87369,16741.44,MAINTENANCE
SAT03108,13.280118,7.040053,25407.02,INACTIVE
SAT03109,15.620106,-99.466961,32077.76,MAINTENANCE
SAT03110,22.699764,18.898273,7114.29,MAINTENANCE
SAT03111,-89.186489,-38.827488,25451.0,ACTIVE
SAT03112,-81.163282,56.378814,9497.96,INACTIVE
SAT03113,63.296075,-85.626924,22601.39,INACTIVE
SAT03114,-86.852097,97.377486,30696.27,INACTIVE
SAT03115,-75.802448,105.770149,7365.94,ACTIVE
SAT03116,34.424477,-121.162989,2959.69,MAINTENANCE
SAT03117,-72.456704,-102.824355,15765.16,MAINTENANCE
SAT03118,46.722509,122.053368,20360.28,INACTIVE
SAT03119,-31.700114,124.815372,24728.74,INACTIVE
SAT03120,47.624045,-53.950518,18409.91,ACTIVE
SAT03121,-46.669522,-31.62549,4095.91,INACTIVE
SAT03122,55.346734,132.633626,28264.82,ACTIVE
SAT03123,-18.57761,133.922666,15864.02,MAINTENANCE
SAT03124,20.121588,6.581541,7825.08,INACTIVE
SAT03125,-87.073051,8.304232,34332.2,MAINTENANCE
SAT03126,54.68458,38.508444,16405.49,MAINTENANCE
SAT03127,-74.524661,78.68159,35042.61,INACTIVE
SAT03128,66.063901,-158.889319,3406.28,MAINTENANCE
SAT03129,-53.410333,-55.014431,12978.6,MAINTENANCE
SAT03130,-9.592901,22.669753,9630.97,INACTIVE
SAT03131,46.52961,-134.75419,23032.46,ACTIVE
SAT03132,45.782152,137.505995,30160.09,MAINTENANCE
SAT03133,-69.769202,-114.877913,32362.92,INACTIVE
SAT03134,10.070591,35.022491,5194.97,ACTIVE
SAT03135,-5.648836,-120.574108,7009.43,ACTIVE
SAT03136,-55.20884,-163.894408,19067.86,INACTIVE
SAT03137,-65.997034,94.045518,15246.13,ACTIVE
SAT03138,-39.085674,-118.252066,8330.63,ACTIVE
SAT03139,71.745556,-8.630772,20652.9,ACTIVE
SAT03140,-58.112249,2.978441,29523.38,INACTIVE
SAT03141,46.323137,-85.458289,15687.01,MAINTENANCE
SAT03142,-27.865785,112.952614,17490.77,MAINTENANCE
SAT03143,-47.691293,141.293083,34809.0,INACTIVE
SAT03144,2.555825,174.832531,1388.82,ACTIVE
SAT03145,26.430028,74.805709,24397.91,ACTIVE
SAT03146,-62.001869,125.217674,22908.4,ACTIVE
SAT03147,69.649243,-149.789464,7799.83,MAINTENANCE
SAT03148,-21.15958,75.663767,10388.36,INACTIVE
SAT03149,77.052657,-177.563494,6129.94,ACTIVE
SAT03150,-16.577,-57.814496,32057.49,ACTIVE
SAT03151,75.305967,130.137879,11098.54,INACTIVE
SAT03152,-67.743665,4.442562,27064.79,MAINTENANCE
SAT03153,-18.940011,-151.328896,35968.05,ACTIVE
SAT03154,-8.715254,115.401249,18085.85,ACTIVE
SAT03155,-79.332897,-20.685643,7844.91,INACTIVE
SAT03156,-74.116989,45.695941,24348.01,INACTIVE
SAT03157,-62.20624,-1.360048,8542.92,MAINTENANCE
SAT03158,70.652859,-101.313802,31265.64,INACTIVE
SAT03159,-77.736231,-138.693592,26158.6,INACTIVE
SAT03160,84.036618,-71.852609,32136.56,MAINTENANCE
SAT03161,67.016506,-13.129432,20302.35,MAINTENANCE
SAT03162,43.18036,-102.106491,7056.34,MAINTENANCE
SAT03163,-55.742727,-98.969664,29881.33,ACTIVE
SAT03164,-64.071183,83.654307,29201.12,ACTIVE
SAT03165,24.677776,23.607267,7059.18,MAINTENANCE
SAT03166,-54.012085,150.040508,9151.23,ACTIVE
SAT03167,-40.655669,-8.076005,29555.86,MAINTENANCE
SAT03168,77.931512,-82.179293,19567.28,ACTIVE
SAT03169,52.645559,155.695941,8865.59,ACTIVE
SAT03170,-4.961082,78.438982,25802.6,INACTIVE
SAT03171,70.701991,-118.613371,15257.54,ACTIVE
SAT03172,85.621446,-40.873261,7601.99,ACTIVE
SAT03173,59.622705,45.000173,5666.61,ACTIVE
SAT03174,79.124155,39.28119,14666.61,ACTIVE
SAT03175,20.737869,-79.038915,27934.72,INACTIVE
SAT03176,10.96463,98.147136,32746.29,ACTIVE
SAT03177,72.698416,-134.487526,27293.79,INACTIVE
SAT03178,22.492082,151.083798,21493.94,MAINTENANCE
SAT03179,42.637216,-101.272997,10037.44,MAINTENANCE
SAT03180,61.197768,-0.575222,32638.45,INACTIVE
SAT03181,87.293302,61.667141,32080.76,INACTIVE
SAT03182,-67.861858,-52.229797,19021.18,INACTIVE
SAT03183,32.74207,-153.143551,24496.63,ACTIVE
SAT03184,55.608436,-13.406222,24198.33,INACTIVE
SAT03185,-34.825075,-140.921725,7873.87,MAINTENANCE
SAT03186,33.228174,99.114259,15022.03,MAINTENANCE
SAT03187,-15.25094,59.091659,9078.95,ACTIVE
SAT03188,71.771296,136.455594,34462.58,ACTIVE
SAT03189,-80.09449,-103.255945,6456.62,ACTIVE
SAT03190,26.292943,127.300947,7303.07,MAINTENANCE
SAT03191,64.469138,-139.282255,22291.1,INACTIVE
SAT03192,-33.542973,-45.233252,13551.66,ACTIVE
SAT03193,-53.951911,12.109884,22544.12,MAINTENANCE
SAT03194,-0.931629,23.55399,19541.25,INACTIVE
SAT03195,47.315286,-99.863565,33804.42,MAINTENANCE
SAT03196,-72.02404,-70.926251,15411.1,ACTIVE
SAT03197,-38.617874,86.601279,16689.7,ACTIVE
SAT03198,-10.855772,-108.915674,883.59,INACTIVE
SAT03199,-36.479322,-11.434162,9353.26,ACTIVE
SAT03200,42.195514,-29.786602,14936.35,INACTIVE
SAT03201,63.476872,44.201499,32895.68,INACTIVE
SAT03202,-25.574365,134.575109,22675.01,MAINTENANCE
SAT03203,73.010583,-139.468161,10848.34,MAINTENANCE
SAT03204,75.646924,-168.58427,19019.07,INACTIVE
SAT03205,78.083883,-130.755202,1241.94,ACTIVE
SAT03206,64.935849,67.718602,25096.73,MAINTENANCE
SAT03207,59.444183,-28.743722,11545.46,MAINTENANCE
SAT03208,-84.041956,-9.227879,17649.79,ACTIVE
SAT03209,-79.715523,6.492223,34625.44,ACTIVE
SAT03210,14.324932,-18.416662,33148.35,INACTIVE
SAT03211,43.588161,137.806017,33145.99,ACTIVE
SAT03212,-30.604309,48.480835,34262.34,INACTIVE
SAT03213,87.07122,-91.41383,30712.99,INACTIVE
SAT03214,-30.012358,50.608879,20260.69,INACTIVE
SAT03215,-50.608068,45.919273,14289.02,ACTIVE
SAT03216,-48.836792,178.629834,6540.27,INACTIVE
SAT03217,-30.647226,-84.242315,12253.99,INACTIVE
SAT03218,-39.896557,-177.122037,6602.33,INACTIVE
SAT03219,77.465848,-154.475037,25038.82,ACTIVE
SAT03220,83.002079,-54.943237,4480.82,INACTIVE
SAT03221,54.020406,110.923296,5814.17,INACTIVE
SAT03222,-61.197118,-79.111164,11942.32,INACTIVE
SAT03223,-64.342154,151.482511,9253.54,ACTIVE
SAT03224,51.691257,167.696126,16380.84,ACTIVE
SAT03225,20.224635,52.295096,20488.69,INACTIVE
SAT03226,-4.619135,85.631305,2036.58,INACTIVE
SAT03227,-59.214158,-123.721303,8469.42,INACTIVE
SAT03228,-7.226174,-178.135126,18343.63,MAINTENANCE
SAT03229,-21.137164,30.068927,10503.87,ACTIVE
SAT03230,-55.661989,158.859494,5548.11,MAINTENANCE
SAT03231,10.638456,-127.234311,10032.3,ACTIVE
SAT03232,89.328921,127.98992,25836.41,ACTIVE
SAT03233,-78.641662,-128.516709,16885.13,ACTIVE
SAT03234,-75.992399,112.596544,19606.98,INACTIVE
SAT03235,-80.706005,-177.54628,33328.15,INACTIVE
SAT03236,-4.46397,78.888751,32994.64,INACTIVE
SAT03237,79.578169,79.200886,6100.01,ACTIVE
SAT03238,-64.118809,-63.172097,15177.63,INACTIVE
SAT03239,-69.378582,-104.773971,11780.66,INACTIVE
SAT03240,69.804443,-143.142938,34520.86,INACTIVE
SAT03241,34.971949,-12.302186,16802.0,MAINTENANCE
SAT03242,-57.020266,79.712176,11876.5,ACTIVE
SAT03243,43.529417,-92.132815,15613.8,MAINTENANCE
SAT03244,-43.197488,57.555678,23741.69,INACTIVE
SAT03245,-51.261686,-34.665742,1000.78,ACTIVE
SAT03246,-14.104397,-116.509159,21073.09,MAINTENANCE
SAT03247,-40.04148,-130.252296,10403.13,MAINTENANCE
SAT03248,34.912481,-38.514723,7720.32,INACTIVE
SAT03249,-84.137045,53.531452,27534.15,MAINTENANCE
SAT03250,-50.975436,56.465566,442.62,MAINTENANCE
SAT03251,-11.639967,-22.48083,18696.96,INACTIVE
SAT03252,12.619986,160.68765,3566.39,INACTIVE
SAT03253,17.765391,50.130188,11484.15,ACTIVE
SAT03254,-28.752029,-106.644471,32288.94,INACTIVE
SAT03255,28.386389,-72.931888,24661.49,MAINTENANCE
SAT03256,2.486621,-11.845509,6583.51,ACTIVE
SAT03257,79.751251,-56.596899,30447.39,MAINTENANCE
SAT03258,73.516479,-60.618315,33466.55,ACTIVE
SAT03259,-42.774249,-107.785482,12969.66,ACTIVE
SAT03260,-3.437167,4.228892,3259.84,INACTIVE
SAT03261,54.552371,40.100988,15881.42,ACTIVE
SAT03262,-55.990071,-86.30358,29296.63,ACTIVE
SAT03263,10.155743,96.090319,34417.8,MAINTENANCE
SAT03264,-88.279382,-130.207027,12904.75,INACTIVE
SAT03265,-45.786057,10.709662,17485.86,INACTIVE
SAT03266,-84.228405,21.62127,16615.85,INACTIVE
SAT03267,-31.986645,-170.552672,25684.38,MAINTENANCE
SAT03268,78.303253,-166.769694,15933.16,ACTIVE
SAT03269,-63.92198,-71.487305,14369.62,INACTIVE
SAT03270,23.526077,-122.988027,8809.07,ACTIVE
SAT03271,79.318915,85.198676,17485.78,ACTIVE
SAT03272,50.788026,76.976583,9491.22,INACTIVE
SAT03273,-66.792889,146.285136,10974.63,MAINTENANCE
SAT03274,29.327014,-172.057327,22225.34,MAINTENANCE
SAT03275,37.659985,55.177245,33619.1,INACTIVE
SAT03276,-6.779542,112.840569,26230.35,ACTIVE
SAT03277,-76.139796,-77.42082,16019.85,MAINTENANCE
SAT03278,-31.643711,143.589711,20514.02,INACTIVE
SAT03279,-29.372907,33.984145,11804.53,MAINTENANCE
SAT03280,-1.896203,-143.978968,11184.0,INACTIVE
SAT03281,58.452801,-31.776439,27753.37,ACTIVE
SAT03282,-38.053561,26.214365,16155.26,MAINTENANCE
SAT03283,-10.802216,21.562195,17611.63,INACTIVE
SAT03284,45.824871,98.180412,23596.58,ACTIVE
SAT03285,64.185819,48.554588,28191.68,MAINTENANCE
SAT03286,-85.986756,-68.055865,35603.44,INACTIVE
SAT03287,-39.125044,-55.485295,2564.97,INACTIVE
SAT03288,31.866882,153.723755,19240.57,ACTIVE
SAT03289,35.502256,-168.620896,5091.42,MAINTENANCE
SAT03290,80.308581,93.966491,9251.18,ACTIVE
SAT03291,-22.935713,28.232782,26863.81,MAINTENANCE
SAT03292,70.993051,-0.748016,21597.27,INACTIVE
SAT03293,-65.70716,175.265832,13277.35,MAINTENANCE
SAT03294,-50.589284,-171.282118,4860.68,ACTIVE
SAT03295,-23.579374,-2.239459,2175.73,MAINTENANCE
SAT03296,77.562157,76.631441,8851.75,ACTIVE
SAT03297,-61.833872,121.110976,19553.35,ACTIVE
SAT03298,82.663959,164.974631,28046.57,MAINTENANCE
SAT03299,4.10748,-84.031971,23240.8,ACTIVE
SAT03300,80.567595,155.424104,28498.62,ACTIVE
SAT03301,18.282171,-64.757928,34399.68,MAINTENANCE
SAT03302,-54.688466,-74.938923,35328.2,ACTIVE
SAT03303,48.63777,54.953442,3631.71,INACTIVE
SAT03304,-21.382637,152.21406,30129.03,MAINTENANCE
SAT03305,-14.65554,17.978534,1029.98,ACTIVE
SAT03306,22.785492,102.131395,15727.99,ACTIVE
SAT03307,33.787733,-98.692717,9786.22,ACTIVE
SAT03308,-67.381107,51.313055,2769.13,ACTIVE
SAT03309,53.304167,-56.720005,31205.14,ACTIVE
SAT03310,-84.866067,-21.392016,7453.38,INACTIVE
SAT03311,-22.662022,-126.942792,27173.03,MAINTENANCE
SAT03312,-64.445636,147.954086,14746.27,ACTIVE
SAT03313,0.520221,85.169097,20552.78,ACTIVE
SAT03314,-49.496276,3.879406,22542.48,INACTIVE
SAT03315,62.393626,130.680152,10122.39,MAINTENANCE
SAT03316,-59.520159,51.930213,22676.02,ACTIVE
SAT03317,-6.814298,109.472879,27205.23,ACTIVE
SAT03318,10.391357,-138.964686,17909.51,MAINTENANCE
SAT03319,35.982247,-32.627953,1788.09,ACTIVE
SAT03320,78.022646,145.802211,21091.91,ACTIVE
SAT03321,-85.120358,-65.687913,31446.09,INACTIVE
SAT03322,-0.917025,-122.707411,32555.98,ACTIVE
SAT03323,79.988785,129.571044,30919.22,MAINTENANCE
SAT03324,60.54254,51.108852,9285.81,MAINTENANCE
SAT03325,60.443746,-7.288684,10862.18,INACTIVE
SAT03326,13.267634,87.492981,11785.03,ACTIVE
SAT03327,66.577291,-4.275971,16027.24,MAINTENANCE
SAT03328,-44.08813,-55.249811,34119.71,MAINTENANCE
SAT03329,-64.942705,162.932112,26851.59,INACTIVE
SAT03330,-46.636889,-171.483065,14263.2,MAINTENANCE
SAT03331,48.016828,-18.318684,18843.85,MAINTENANCE
SAT03332,-57.366431,124.229038,33434.4,ACTIVE
SAT03333,73.912106,-17.92262,13871.18,MAINTENANCE
SAT03334,71.568587,-44.467159,1142.04,ACTIVE
SAT03335,-78.443244,-115.676637,33724.85,MAINTENANCE
SAT03336,24.764218,-95.903836,7522.66,MAINTENANCE
SAT03337,53.265468,4.573846,5930.6,ACTIVE
SAT03338,82.211597,-146.323575,16702.85,INACTIVE
SAT03339,-6.59456,0.774302,2429.6,MAINTENANCE
SAT03340,-69.081641,-4.95107,23492.03,ACTIVE
SAT03341,-74.411716,140.945313,34835.58,MAINTENANCE
SAT03342,49.651714,-122.170429,19770.57,INACTIVE
SAT03343,25.106678,-176.466488,18187.72,ACTIVE
SAT03344,66.489764,-68.382124,19078.58,INACTIVE
SAT03345,-35.588702,116.33771,12514.42,ACTIVE
SAT03346,-52.781831,-37.680187,18673.38,MAINTENANCE
SAT03347,-87.341733,84.117718,4612.17,INACTIVE
SAT03348,-67.670861,-162.027893,21929.8,ACTIVE
SAT03349,-4.0754,-48.229964,22495.19,ACTIVE
SAT03350,-20.589376,3.821312,3045.02,ACTIVE
SAT03351,-19.950589,-162.143622,2984.18,INACTIVE
SAT03352,19.019217,18.745018,35227.01,MAINTENANCE
SAT03353,-54.79758,-149.241161,13508.19,MAINTENANCE
SAT03354,54.986627,-24.618594,6332.58,ACTIVE
SAT03355,-69.19908,69.792931,2220.0,ACTIVE
SAT03356,-24.301745,-8.108003,22931.33,ACTIVE
SAT03357,-69.607453,-110.618814,2782.96,MAINTENANCE
SAT03358,8.673032,44.731263,30881.32,MAINTENANCE
SAT03359,56.555583,-166.524958,34053.73,MAINTENANCE
SAT03360,20.386284,59.143132,7215.25,INACTIVE
SAT03361,33.805157,-121.685967,22211.64,MAINTENANCE
SAT03362,46.713096,-157.656594,20941.78,MAINTENANCE
SAT03363,82.470643,60.279148,26750.85,MAINTENANCE
SAT03364,68.115534,130.124648,4402.0,MAINTENANCE
SAT03365,-5.157457,-17.544763,34486.36,INACTIVE
SAT03366,-59.217876,-157.615496,25137.18,MAINTENANCE
SAT03367,-39.846348,157.401481,11157.47,MAINTENANCE
SAT03368,32.098713,-139.391106,24259.68,MAINTENANCE
SAT03369,40.8654,-16.484627,32909.08,ACTIVE
SAT03370,-2.191248,-164.960902,19441.01,MAINTENANCE
SAT03371,89.950858,27.055781,5412.43,INACTIVE
SAT03372,53.975775,-160.684488,849.81,INACTIVE
SAT03373,-78.647766,-11.918936,26849.54,MAINTENANCE
SAT03374,-20.451544,52.933679,30933.13,ACTIVE
SAT03375,28.598477,55.597437,17552.66,MAINTENANCE
SAT03376,37.74365,49.825051,15119.36,INACTIVE
SAT03377,46.41632,-24.673907,7444.45,ACTIVE
SAT03378,-73.405437,-132.941383,31209.22,INACTIVE
SAT03379,30.025586,-1.393894,22861.61,INACTIVE
SAT03380,40.986233,91.558522,20897.65,INACTIVE
SAT03381,17.874784,-45.899836,19762.65,INACTIVE
SAT03382,66.947174,160.479552,18171.67,ACTIVE
SAT03383,-46.378324,-81.505226,35702.83,MAINTENANCE
SAT03384,-31.042693,-71.29247,5410.69,ACTIVE
SAT03385,-6.033631,31.141567,4093.47,MAINTENANCE
SAT03386,-6.297179,46.693891,3674.3,INACTIVE
SAT03387,57.666229,-136.140622,3598.41,ACTIVE
SAT03388,-73.551201,-35.36791,25508.18,ACTIVE
SAT03389,-47.241492,-103.195609,1621.53,INACTIVE
SAT03390,-18.270996,-144.112387,1399.45,ACTIVE
SAT03391,79.335664,-58.407713,12572.17,INACTIVE
SAT03392,-10.073926,-118.767097,28858.36,MAINTENANCE
SAT03393,-73.863695,105.568884,35614.19,MAINTENANCE
SAT03394,-43.595438,110.283158,8001.04,ACTIVE
SAT03395,4.065671,172.805416,32300.23,INACTIVE
SAT03396,79.33305,-65.501051,21216.68,INACTIVE
SAT03397,-85.1423,53.982809,20650.82,INACTIVE
SAT03398,-79.302042,-98.716326,12112.03,INACTIVE
SAT03399,-39.083072,-28.596891,4991.77,MAINTENANCE
SAT03400,-81.203789,-45.228149,32413.74,ACTIVE
SAT03401,31.287369,158.941988,27145.93,ACTIVE
SAT03402,-62.254947,-98.495102,24577.3,MAINTENANCE
SAT03403,-86.331777,-22.759486,17687.32,INACTIVE
SAT03404,19.304669,-32.037914,26654.31,INACTIVE
SAT03405,3.843807,68.775552,10465.36,INACTIVE
SAT03406,21.506841,-40.646983,6074.67,ACTIVE
SAT03407,33.542325,166.479916,18743.52,MAINTENANCE
SAT03408,64.684857,-59.527873,32523.31,INACTIVE
SAT03409,-57.596316,41.874388,16822.88,MAINTENANCE
SAT03410,-66.329195,162.537019,19671.59,ACTIVE
SAT03411,-31.046495,-132.080397,5767.36,MAINTENANCE
SAT03412,-78.366072,55.273377,33396.86,INACTIVE
SAT03413,84.132101,-163.024942,22849.15,MAINTENANCE
SAT03414,77.695743,-2.559888,692.37,ACTIVE
SAT03415,76.455032,95.103252,16868.22,INACTIVE
SAT03416,-52.902505,33.991525,10842.3,MAINTENANCE
SAT03417,-0.202166,176.794974,4084.05,INACTIVE
SAT03418,16.881557,-176.15672,24392.93,INACTIVE
SAT03419,-33.267169,139.393566,18008.85,ACTIVE
SAT03420,-17.132602,21.01289,7713.73,INACTIVE
SAT03421,-28.196188,45.890559,9397.91,MAINTENANCE
SAT03422,-67.399119,-145.651493,24970.93,MAINTENANCE
SAT03423,67.271691,-83.387972,29228.9,MAINTENANCE
SAT03424,32.850183,-19.558941,30911.61,INACTIVE
SAT03425,-43.902962,90.815284,25408.02,INACTIVE
SAT03426,56.066213,121.490669,20349.29,ACTIVE
SAT03427,-15.369521,-57.669682,30422.64,MAINTENANCE
SAT03428,-8.520184,-173.11472,11096.74,MAINTENANCE
SAT03429,-27.06428,1.067305,29261.24,MAINTENANCE
SAT03430,-76.588928,-167.271008,8398.2,INACTIVE
SAT03431,19.123012,121.69815,9518.76,ACTIVE
SAT03432,-10.863988,-58.840539,35199.51,MAINTENANCE
SAT03433,30.616518,66.932226,18225.75,INACTIVE
SAT03434,-16.182171,52.526787,9755.2,MAINTENANCE
SAT03435,-42.684087,67.400983,2677.89,MAINTENANCE
SAT03436,-69.914458,-155.640154,33131.83,ACTIVE
SAT03437,-42.307637,-112.166093,9275.26,MAINTENANCE
SAT03438,43.467193,-104.100922,8244.25,ACTIVE
SAT03439,6.097529,-131.390217,32061.79,MAINTENANCE
SAT03440,-14.108947,148.434715,9363.87,MAINTENANCE
SAT03441,14.096434,-171.97119,29566.45,INACTIVE
SAT03442,-58.851572,16.213174,27252.49,INACTIVE
SAT03443,44.705359,-63.117357,12930.52,ACTIVE
SAT03444,61.820508,49.706424,19545.04,INACTIVE
SAT03445,11.473988,133.134689,30793.55,INACTIVE
SAT03446,-62.381774,158.127692,6324.32,INACTIVE
SAT03447,-30.863783,-155.218684,19428.84,INACTIVE
SAT03448,-15.957941,55.953143,6989.13,INACTIVE
SAT03449,7.269785,-35.593152,28127.24,ACTIVE
SAT03450,29.004276,-174.369052,13989.63,INACTIVE
SAT03451,82.154554,161.679908,19636.09,MAINTENANCE
SAT03452,-19.816681,24.616637,2269.0,ACTIVE
SAT03453,-40.385967,35.170501,25618.35,MAINTENANCE
SAT03454,48.217783,-162.757421,31860.46,ACTIVE
SAT03455,-31.275882,-166.965395,21383.3,ACTIVE
SAT03456,5.661433,62.294506,15728.34,MAINTENANCE
SAT03457,-89.204189,88.268485,20296.47,MAINTENANCE
SAT03458,44.64436,92.953033,15977.18,MAINTENANCE
SAT03459,-81.374643,54.130295,29421.41,MAINTENANCE
SAT03460,-74.601765,47.02605,12098.37,ACTIVE
SAT03461,81.711465,131.068175,29584.96,INACTIVE
SAT03462,-2.809718,51.145657,211.68,INACTIVE
SAT03463,-59.329434,14.314297,34598.02,MAINTENANCE
SAT03464,25.142512,102.016801,22494.77,INACTIVE
SAT03465,58.588938,-125.463629,4646.0,ACTIVE
SAT03466,67.125213,108.335664,33177.42,ACTIVE
SAT03467,36.901296,27.842666,22533.79,MAINTENANCE
SAT03468,25.489237,-104.00198,30635.0,MAINTENANCE
SAT03469,64.460601,-176.522679,10396.22,INACTIVE
SAT03470,-18.784165,-129.784223,12763.76,INACTIVE
SAT03471,48.31404,148.415867,28553.33,INACTIVE
SAT03472,-14.825522,119.315797,29308.56,INACTIVE
SAT03473,-19.687086,149.342623,17965.18,INACTIVE
SAT03474,85.210974,-123.199201,25713.55,MAINTENANCE
SAT03475,75.953273,139.883,21227.7,MAINTENANCE
SAT03476,77.908645,-116.540947,22776.78,ACTIVE
SAT03477,32.075901,-84.313654,16207.77,INACTIVE
SAT03478,30.315551,-26.133545,3773.44,MAINTENANCE
SAT03479,77.899051,23.382311,3492.35,MAINTENANCE
SAT03480,-26.645484,-119.800379,33749.96,INACTIVE
SAT03481,-74.147944,73.709585,24542.84,INACTIVE
SAT03482,76.882891,-79.301431,6456.4,INACTIVE
SAT03483,-51.835827,-66.450699,7129.62,MAINTENANCE
SAT03484,-88.014511,-171.480904,20572.66,ACTIVE
SAT03485,-77.887684,101.261063,11206.36,MAINTENANCE
SAT03486,-76.874636,-124.46922,14692.86,INACTIVE
SAT03487,-36.363862,-116.7824,35718.16,ACTIVE
SAT03488,-8.707217,-109.967493,10965.62,MAINTENANCE
SAT03489,-58.570756,106.567896,11144.52,ACTIVE
SAT03490,-26.791431,-19.254712,5289.61,MAINTENANCE
SAT03491,13.513173,-76.277455,12683.11,MAINTENANCE
SAT03492,89.597087,24.720217,2729.88,ACTIVE
SAT03493,-38.064847,165.077596,3270.64,ACTIVE
SAT03494,4.550461,-79.052181,30810.05,MAINTENANCE
SAT03495,-50.897773,-20.244267,26130.99,MAINTENANCE
SAT03496,30.544292,155.730027,2105.15,INACTIVE
SAT03497,14.44004,-163.481655,27851.65,ACTIVE
SAT03498,20.467652,91.498402,19002.11,INACTIVE
SAT03499,-32.013896,168.584556,33972.86,ACTIVE
SAT03500,-9.991058,-171.403095,7813.34,ACTIVE
SAT03501,-72.57141,-19.167831,710.74,MAINTENANCE
SAT03502,80.1694,-107.32422,20033.22,ACTIVE
SAT03503,61.573244,45.223607,12306.14,MAINTENANCE
SAT03504,33.540424,-164.269101,26279.05,INACTIVE
SAT03505,43.065367,-135.807384,32345.54,ACTIVE
SAT03506,61.430719,109.746547,33814.08,INACTIVE
SAT03507,45.667596,83.436865,2504.88,ACTIVE
SAT03508,-61.141515,35.180116,4251.01,INACTIVE
SAT03509,-73.234788,7.072746,14601.58,ACTIVE
SAT03510,79.228119,142.804972,29896.04,MAINTENANCE
SAT03511,67.005362,57.700732,9341.18,ACTIVE
SAT03512,-1.321491,73.409849,27330.13,MAINTENANCE
SAT03513,-13.938606,133.981394,28594.39,INACTIVE
SAT03514,67.913783,73.367581,24577.32,ACTIVE
SAT03515,0.514301,39.559539,30894.86,MAINTENANCE
SAT03516,35.335985,-108.397185,26562.3,ACTIVE
SAT03517,-84.585768,66.200413,18198.1,INACTIVE
SAT03518,-80.801188,-168.788321,15178.15,INACTIVE
SAT03519,10.429634,-139.765857,20964.82,ACTIVE
SAT03520,-24.440873,55.456447,33727.14,INACTIVE
SAT03521,-33.244848,-74.83558,33465.82,MAINTENANCE
SAT03522,-6.577762,-91.660108,26933.56,INACTIVE
SAT03523,53.179199,-119.132756,35086.47,MAINTENANCE
SAT03524,-50.869142,101.430212,30606.49,MAINTENANCE
SAT03525,8.816537,-149.416644,27505.7,INACTIVE
SAT03526,-82.093666,-169.329986,23089.03,INACTIVE
SAT03527,-62.149339,23.543293,14989.66,MAINTENANCE
SAT03528,56.796356,45.190455,6146.66,INACTIVE
SAT03529,42.733707,-163.136524,24706.9,INACTIVE
SAT03530,67.092382,-159.557693,34557.95,ACTIVE
SAT03531,78.869702,-124.322317,25706.49,ACTIVE
SAT03532,-27.949346,46.052038,1935.14,INACTIVE
SAT03533,44.255798,-74.882853,31571.14,INACTIVE
SAT03534,-10.624344,-127.118452,21719.52,INACTIVE
SAT03535,-3.421592,-178.982961,16280.29,INACTIVE
SAT03536,23.318027,86.584935,33962.93,ACTIVE
SAT03537,70.397107,-122.411157,1025.64,ACTIVE
SAT03538,58.374524,-159.338749,11324.14,MAINTENANCE
SAT03539,-4.097387,26.159785,3623.58,MAINTENANCE
SAT03540,-25.950403,34.357735,1082.63,MAINTENANCE
SAT03541,28.69107,-58.79082,3242.68,MAINTENANCE
SAT03542,70.637621,-171.945861,10310.14,ACTIVE
SAT03543,28.988172,-129.624435,15891.43,ACTIVE
SAT03544,-41.360774,134.086712,6808.76,INACTIVE
SAT03545,-45.275232,-154.037732,30858.47,MAINTENANCE
SAT03546,-22.926025,93.692453,15413.07,INACTIVE
SAT03547,-80.798262,18.315467,31654.24,INACTIVE
SAT03548,83.270928,-158.466895,13909.14,MAINTENANCE
SAT03549,43.485213,-16.526902,13286.89,INACTIVE
SAT03550,38.678842,-94.795935,30302.34,INACTIVE
SAT03551,5.375607,175.345338,33784.88,MAINTENANCE
SAT03552,67.962588,6.400454,7178.61,MAINTENANCE
SAT03553,-63.207915,64.769004,15572.47,MAINTENANCE
SAT03554,-54.71865,-161.209189,34450.91,MAINTENANCE
SAT03555,-39.465271,148.733192,433.47,MAINTENANCE
SAT03556,80.337565,93.612104,10888.72,MAINTENANCE
SAT03557,52.942665,138.909525,33849.48,INACTIVE
SAT03558,-46.045701,127.668369,13343.71,INACTIVE
SAT03559,-87.491531,128.302751,15056.48,INACTIVE
SAT03560,9.639339,160.673013,13687.57,INACTIVE
SAT03561,8.436871,171.814731,21182.64,MAINTENANCE
SAT03562,79.368995,105.884646,28911.45,MAINTENANCE
SAT03563,3.258815,-15.251048,10556.38,ACTIVE
SAT03564,-56.027762,7.210362,10490.93,INACTIVE
SAT03565,64.058988,-152.450838,31752.1,ACTIVE
SAT03566,-72.788192,118.666864,19832.79,ACTIVE
SAT03567,-13.621543,111.84107,25047.47,MAINTENANCE
SAT03568,-72.851934,-124.820663,14444.59,MAINTENANCE
SAT03569,-75.870316,-83.46686,2704.65,MAINTENANCE
SAT03570,9.189777,116.767742,20373.1,ACTIVE
SAT03571,-34.837376,-12.201977,33544.36,MAINTENANCE
SAT03572,34.428687,-4.450964,342.78,ACTIVE
SAT03573,-72.942957,172.943,35207.16,ACTIVE
SAT03574,-80.54318,115.062476,27320.93,ACTIVE
SAT03575,18.718764,27.12288,33250.33,ACTIVE
SAT03576,-70.11354,-36.518533,7334.07,MAINTENANCE
SAT03577,-23.118925,109.941433,34204.2,INACTIVE
SAT03578,33.554647,114.595939,31844.08,MAINTENANCE
SAT03579,82.920294,-130.959621,28026.7,MAINTENANCE
SAT03580,-11.981825,170.746623,14627.0,MAINTENANCE
SAT03581,44.713176,51.990616,28047.66,MAINTENANCE
SAT03582,50.814861,52.343346,18763.44,MAINTENANCE
SAT03583,-87.090184,-165.403079,13897.96,INACTIVE
SAT03584,-15.726166,126.03503,2271.59,ACTIVE
SAT03585,-3.515361,-98.730053,4975.86,INACTIVE
SAT03586,-55.225477,59.46585,29618.4,INACTIVE
SAT03587,-42.412733,-80.78013,1380.94,MAINTENANCE
SAT03588,-79.239482,-65.754698,7719.88,MAINTENANCE
SAT03589,-44.735634,-34.050553,21227.38,INACTIVE
SAT03590,25.658658,-122.363472,3683.78,INACTIVE
SAT03591,-8.190682,111.973392,8252.9,ACTIVE
SAT03592,-68.011974,154.559626,11301.37,INACTIVE
SAT03593,31.535689,-12.003711,35638.18,ACTIVE
SAT03594,-28.964412,-21.143116,30471.55,MAINTENANCE
SAT03595,-46.740641,-51.709887,17933.63,ACTIVE
SAT03596,58.679659,-103.652707,8421.79,MAINTENANCE
SAT03597,-21.419043,108.237966,19546.41,INACTIVE
SAT03598,-35.44425,43.382924,22937.0,ACTIVE
SAT03599,-37.602109,-155.615575,32742.19,ACTIVE
SAT03600,40.293321,-151.246082,11451.48,MAINTENANCE
SAT03601,-9.760978,-30.530595,21765.03,MAINTENANCE
SAT03602,-89.597026,-162.046783,27470.67,ACTIVE
SAT03603,-53.232644,31.802533,6394.78,ACTIVE
SAT03604,-71.499359,20.530747,30320.26,MAINTENANCE
SAT03605,-12.091417,168.363694,27765.94,INACTIVE
SAT03606,-82.390165,77.864039,11424.45,ACTIVE
SAT03607,24.026079,-67.87885,23383.34,MAINTENANCE
SAT03608,-54.041127,-160.293926,15203.0,MAINTENANCE
SAT03609,-53.390505,-59.044988,23361.26,INACTIVE
SAT03610,88.096569,114.415631,27296.67,INACTIVE
SAT03611,-28.142038,-44.990531,1617.07,INACTIVE
SAT03612,-12.865846,77.317958,22451.83,MAINTENANCE
SAT03613,-78.24468,-67.707398,24343.8,ACTIVE
SAT03614,27.318451,22.389245,6889.12,INACTIVE
SAT03615,70.00532,61.064553,22011.87,INACTIVE
SAT03616,1.268937,-57.797608,18894.57,INACTIVE
SAT03617,-53.288042,-36.144979,16155.79,ACTIVE
SAT03618,-11.609388,-105.347915,7821.21,MAINTENANCE
SAT03619,-78.466696,25.893421,30050.92,INACTIVE
SAT03620,-45.691895,-39.803669,25947.18,ACTIVE
SAT03621,55.525349,-159.954581,31522.43,ACTIVE
SAT03622,77.079249,72.844232,5253.68,ACTIVE
SAT03623,44.424571,104.116837,31765.13,MAINTENANCE
SAT03624,58.700577,-4.32952,20038.27,INACTIVE
SAT03625,-26.213775,-2.371339,19953.18,MAINTENANCE
SAT03626,17.86135,137.841315,23975.9,ACTIVE
SAT03627,-73.760858,-87.328904,7451.44,INACTIVE
SAT03628,-76.734781,57.856688,24040.49,INACTIVE
SAT03629,-7.517822,-52.998089,26544.05,ACTIVE
SAT03630,-69.040423,-78.42276,249.4,MAINTENANCE
SAT03631,-45.961997,133.767375,26640.16,MAINTENANCE
SAT03632,-8.328636,66.44752,7240.64,MAINTENANCE
SAT03633,-67.417805,-3.433071,11386.9,ACTIVE
SAT03634,33.62895,42.630057,6246.05,ACTIVE
SAT03635,-28.287969,-132.898316,25733.68,ACTIVE
SAT03636,-8.376469,81.55137,3037.85,MAINTENANCE
SAT03637,-56.144329,-28.65816,34534.94,MAINTENANCE
SAT03638,32.664132,18.686951,2224.66,MAINTENANCE
SAT03639,23.601435,29.802483,8962.5,ACTIVE
SAT03640,-1.674734,39.299058,30649.33,MAINTENANCE
SAT03641,89.332665,-75.391001,18653.38,INACTIVE
SAT03642,36.045405,9.440198,15271.55,MAINTENANCE
SAT03643,-19.792394,-156.22636,8409.39,ACTIVE
SAT03644,-75.132762,115.76312,28705.02,ACTIVE
SAT03645,61.386555,-141.538298,396.08,INACTIVE
SAT03646,-0.070833,142.259311,1989.73,INACTIVE
SAT03647,-66.962541,-105.26118,33185.29,INACTIVE
SAT03648,47.516897,-123.304676,14787.41,INACTIVE
SAT03649,-73.743111,-15.99576,30576.16,MAINTENANCE
SAT03650,61.013662,-158.195416,11064.4,ACTIVE
SAT03651,77.878038,25.377486,3502.98,ACTIVE
SAT03652,73.224493,169.585776,11149.02,ACTIVE
SAT03653,78.378395,23.051249,7626.13,ACTIVE
SAT03654,15.6171,122.933773,27182.17,INACTIVE
SAT03655,1.260603,81.541014,14930.63,MAINTENANCE
SAT03656,-41.133658,-155.83677,22308.95,ACTIVE
SAT03657,22.952585,-138.132102,6616.73,MAINTENANCE
SAT03658,49.848536,7.209948,24473.05,INACTIVE
SAT03659,-58.767062,-125.006475,4712.54,INACTIVE
SAT03660,-2.654425,-119.276207,1736.21,INACTIVE
SAT03661,54.190284,27.107799,8962.73,ACTIVE
SAT03662,-6.909245,28.270044,914.29,MAINTENANCE
SAT03663,87.800099,-155.826974,9102.9,ACTIVE
SAT03664,41.402614,-112.345497,6764.83,ACTIVE
SAT03665,32.04091,-83.426478,18709.19,MAINTENANCE
SAT03666,49.212733,-114.877664,17804.76,MAINTENANCE
SAT03667,55.225026,83.641475,33507.85,ACTIVE
SAT03668,-63.963906,-68.862265,21597.14,ACTIVE
SAT03669,83.944366,-107.738316,30174.82,INACTIVE
SAT03670,-12.31057,25.34286,16620.62,INACTIVE
SAT03671,-23.216523,-100.648901,6500.7,ACTIVE
SAT03672,54.262666,-125.060519,14613.43,MAINTENANCE
SAT03673,48.88707,174.37909,33044.07,ACTIVE
SAT03674,-74.644251,96.497594,35034.94,ACTIVE
SAT03675,79.551965,-81.010968,35760.91,ACTIVE
SAT03676,-56.7913,-112.984857,15015.46,MAINTENANCE
SAT03677,-63.563789,138.45601,20202.89,MAINTENANCE
SAT03678,81.954391,-167.123996,27843.36,ACTIVE
SAT03679,76.522759,14.709384,33489.77,INACTIVE
SAT03680,66.123289,-125.176666,23489.12,MAINTENANCE
SAT03681,-4.493246,120.796715,11781.18,INACTIVE
SAT03682,5.619061,-50.816053,20896.96,ACTIVE
SAT03683,-32.926258,-37.674058,19980.69,INACTIVE
SAT03684,71.427561,-160.451062,34780.23,INACTIVE
SAT03685,-84.607245,-108.468588,33797.47,ACTIVE
SAT03686,58.537484,12.909957,27910.26,INACTIVE
SAT03687,-89.073407,-67.891187,23785.09,ACTIVE
SAT03688,-83.066954,-29.541677,15638.77,ACTIVE
SAT03689,-89.806979,141.154081,24620.56,INACTIVE
SAT03690,-19.979634,-63.953291,32213.27,ACTIVE
SAT03691,55.131816,-121.771843,33302.28,ACTIVE
SAT03692,82.798961,-53.076605,3988.47,INACTIVE
SAT03693,-73.871194,-68.355339,4346.94,MAINTENANCE
SAT03694,-89.915385,-70.224566,12114.61,INACTIVE
SAT03695,-62.030548,-77.328174,22012.15,INACTIVE
SAT03696,-16.102336,-91.244108,20624.02,ACTIVE
SAT03697,-11.30223,137.647088,27444.49,ACTIVE
SAT03698,-80.150681,-90.070654,16573.55,ACTIVE
SAT03699,-43.332427,-49.896791,31226.98,MAINTENANCE
SAT03700,9.381506,140.489733,8554.15,MAINTENANCE
SAT03701,59.012033,-2.201913,32424.67,ACTIVE
SAT03702,75.870122,-69.072285,32793.63,INACTIVE
SAT03703,64.699577,-148.66201,32374.37,ACTIVE
SAT03704,-4.407149,73.718397,31846.83,MAINTENANCE
SAT03705,9.690093,79.819823,26071.89,MAINTENANCE
SAT03706,-4.514337,25.014283,28946.99,ACTIVE
SAT03707,48.959094,166.228224,20412.68,MAINTENANCE
SAT03708,-62.409267,-123.552899,27874.12,ACTIVE
SAT03709,18.741166,-48.542102,1797.12,ACTIVE
SAT03710,-15.391291,38.125161,4567.25,ACTIVE
SAT03711,63.746037,173.300488,4633.16,ACTIVE
SAT03712,-49.689825,94.491243,1569.52,INACTIVE
SAT03713,-34.046289,-165.904718,9644.56,ACTIVE
SAT03714,3.157195,-7.12862,14421.47,MAINTENANCE
SAT03715,-65.221454,18.020734,33069.17,MAINTENANCE
SAT03716,32.521993,-48.78722,32276.83,MAINTENANCE
SAT03717,51.035439,-140.141381,35174.85,MAINTENANCE
SAT03718,-54.83658,126.647875,19755.81,ACTIVE
SAT03719,84.086812,-59.811875,7012.3,INACTIVE
SAT03720,12.35483,-77.469388,8296.73,INACTIVE
SAT03721,42.719036,89.196723,12205.78,INACTIVE
SAT03722,-85.867858,50.968754,14189.02,INACTIVE
SAT03723,-61.076369,79.279778,28726.03,ACTIVE
SAT03724,67.359596,-81.052865,16193.38,INACTIVE
SAT03725,20.148122,2.251283,28484.03,ACTIVE
SAT03726,-57.224842,-86.739316,16471.11,ACTIVE
SAT03727,-46.692034,-169.09736,26285.99,MAINTENANCE
SAT03728,29.670381,20.675054,10722.85,INACTIVE
SAT03729,-34.245133,6.481582,5754.96,ACTIVE
SAT03730,-43.876408,159.288385,14165.66,MAINTENANCE
SAT03731,-2.867953,-149.413663,22940.41,MAINTENANCE
SAT03732,-22.60062,-96.044031,1409.4,INACTIVE
SAT03733,41.041046,25.184256,24596.95,MAINTENANCE
SAT03734,49.984708,154.924023,27396.05,INACTIVE
SAT03735,70.484147,122.231212,21430.27,INACTIVE
SAT03736,-29.163294,-16.550836,19522.21,MAINTENANCE
SAT03737,84.529367,-112.037485,28404.11,MAINTENANCE
SAT03738,59.752168,-155.200566,23754.05,MAINTENANCE
SAT03739,3.127884,-84.226328,34725.06,INACTIVE
SAT03740,-78.375475,82.323987,6281.7,MAINTENANCE
SAT03741,52.870969,-30.807523,25339.23,ACTIVE
SAT03742,-34.874104,-124.770541,13534.59,ACTIVE
SAT03743,-2.908068,117.544562,25055.89,ACTIVE
SAT03744,-44.706126,57.937955,20496.71,ACTIVE
SAT03745,-87.439656,-8.897682,34017.1,MAINTENANCE
SAT03746,-59.320221,96.23803,8464.77,MAINTENANCE
SAT03747,-33.559145,-122.112405,23507.82,MAINTENANCE
SAT03748,-46.752259,-22.036894,28112.12,MAINTENANCE
SAT03749,-34.350453,140.327076,5151.6,MAINTENANCE
SAT03750,85.167946,-26.433536,15104.44,ACTIVE
SAT03751,-83.64601,103.49836,30245.14,MAINTENANCE
SAT03752,-8.297411,171.530101,29483.45,ACTIVE
SAT03753,-5.781782,-143.71832,27606.93,ACTIVE
SAT03754,-79.58837,-121.480439,23724.15,MAINTENANCE
SAT03755,-10.303541,-88.404951,25438.32,ACTIVE
SAT03756,-52.322113,-100.541029,5637.91,INACTIVE
SAT03757,3.217068,23.095262,20582.91,MAINTENANCE
SAT03758,-53.058059,95.117999,201.26,ACTIVE
SAT03759,73.320615,35.399554,8454.78,MAINTENANCE
SAT03760,14.285076,175.448429,18737.31,INACTIVE
SAT03761,-40.160387,47.023296,23692.06,INACTIVE
SAT03762,-68.535234,166.369281,23359.5,ACTIVE
SAT03763,14.445271,-22.714248,29408.34,MAINTENANCE
SAT03764,47.278912,38.677659,3026.12,MAINTENANCE
SAT03765,66.738188,-21.45271,27063.0,INACTIVE
SAT03766,-20.108835,34.649477,34926.69,MAINTENANCE
SAT03767,78.697189,152.874478,10330.3,ACTIVE
SAT03768,-30.095343,-160.625813,13055.54,INACTIVE
SAT03769,20.238003,-68.069502,23802.01,ACTIVE
SAT03770,-70.738644,-132.99624,11779.93,MAINTENANCE
SAT03771,64.412141,-89.495177,7395.23,ACTIVE
SAT03772,58.592973,-30.032905,21899.47,ACTIVE
SAT03773,-83.035091,-19.382215,23298.73,MAINTENANCE
SAT03774,9.934225,-16.77161,4454.73,ACTIVE
SAT03775,-13.416176,150.199496,35821.98,INACTIVE
SAT03776,48.600845,-179.340032,25008.94,INACTIVE
SAT03777,-58.667821,-20.02483,8009.52,MAINTENANCE
SAT03778,-73.488711,-134.960986,9323.95,MAINTENANCE
SAT03779,63.559663,-17.404386,18472.98,INACTIVE
SAT03780,-47.30958,-56.556846,5987.44,INACTIVE
SAT03781,-38.859544,147.553596,9207.62,INACTIVE
SAT03782,2.936234,62.073672,33831.9,ACTIVE
SAT03783,49.454844,84.665265,28932.87,MAINTENANCE
SAT03784,38.309964,-69.118238,34501.46,MAINTENANCE
SAT03785,-12.029057,-19.71518,18092.91,INACTIVE
SAT03786,-57.383801,-8.610241,6407.25,ACTIVE
SAT03787,-82.239462,11.637742,14952.59,INACTIVE
SAT03788,48.181088,153.740264,9034.9,INACTIVE
SAT03789,67.071612,-99.531946,24599.59,ACTIVE
SAT03790,-65.701054,157.501579,14097.74,ACTIVE
SAT03791,56.656127,-155.458155,34101.85,ACTIVE
SAT03792,74.898004,106.396313,34383.64,INACTIVE
SAT03793,-30.373137,79.924939,18670.28,MAINTENANCE
SAT03794,79.124244,-103.939574,16965.09,ACTIVE
SAT03795,-71.621364,104.665504,5812.39,INACTIVE
SAT03796,-74.335415,146.225508,15790.0,INACTIVE
SAT03797,60.237686,-37.941112,8403.55,MAINTENANCE
SAT03798,2.989158,-29.123124,24064.99,INACTIVE
SAT03799,-37.206474,133.800482,13617.91,INACTIVE
SAT03800,60.75356,78.655405,18996.91,MAINTENANCE
SAT03801,16.900176,65.443001,12254.05,MAINTENANCE
SAT03802,-73.256557,-118.889481,17695.47,INACTIVE
SAT03803,84.671745,-178.631385,7676.59,INACTIVE
SAT03804,6.95849,-114.253555,29357.25,INACTIVE
SAT03805,39.1939,96.638791,6159.09,MAINTENANCE
SAT03806,-34.334805,52.781565,9171.17,MAINTENANCE
SAT03807,-52.125603,-147.105411,16190.63,INACTIVE
SAT03808,74.847405,116.328577,23553.97,INACTIVE
SAT03809,-14.319593,161.742092,11485.52,INACTIVE
SAT03810,81.915977,-133.717958,1032.18,INACTIVE
SAT03811,82.898652,-138.154341,1218.22,INACTIVE
SAT03812,10.054638,-22.981512,22048.86,MAINTENANCE
SAT03813,-43.956013,10.166606,6895.47,INACTIVE
SAT03814,18.498547,-120.099151,7845.89,MAINTENANCE
SAT03815,-28.884187,-10.096692,19709.2,MAINTENANCE
SAT03816,58.681299,176.497146,23799.5,MAINTENANCE
SAT03817,-15.524669,126.961326,14055.47,INACTIVE
SAT03818,-40.611449,3.083572,16461.69,MAINTENANCE
SAT03819,59.479993,69.805492,17167.56,MAINTENANCE
SAT03820,85.975967,99.42714,24033.56,INACTIVE
SAT03821,-12.724386,-171.392572,33102.03,ACTIVE
SAT03822,37.747892,65.945501,471.75,MAINTENANCE
SAT03823,-85.49664,-7.72937,26018.4,INACTIVE
SAT03824,-29.638807,-134.230234,30937.15,ACTIVE
SAT03825,-12.672872,179.99325,33595.17,MAINTENANCE
SAT03826,19.854221,115.217245,5001.26,MAINTENANCE
SAT03827,-36.500745,-2.476961,17281.27,INACTIVE
SAT03828,-42.12107,51.359759,9423.66,INACTIVE
SAT03829,38.603318,49.519941,4962.38,ACTIVE
SAT03830,14.667161,79.665814,25096.67,ACTIVE
SAT03831,-62.284449,162.380988,7783.0,INACTIVE
SAT03832,14.713828,-41.172256,4344.37,INACTIVE
SAT03833,40.829584,-26.491073,11653.43,ACTIVE
SAT03834,32.855822,32.465819,23454.74,MAINTENANCE
SAT03835,-52.663091,-94.376697,10759.39,INACTIVE
SAT03836,-47.178034,146.064286,22415.85,MAINTENANCE
SAT03837,-25.305927,171.138714,933.09,INACTIVE
SAT03838,-21.974574,144.371614,32660.75,MAINTENANCE
SAT03839,40.192249,165.860005,18193.75,ACTIVE
SAT03840,-80.395377,80.722053,7616.01,MAINTENANCE
SAT03841,-15.720708,-49.07627,234.51,INACTIVE
SAT03842,-69.023479,-0.905167,31705.6,MAINTENANCE
SAT03843,-66.302317,-125.144589,25479.69,MAINTENANCE
SAT03844,47.431462,37.970948,11314.24,ACTIVE
SAT03845,-75.041635,-84.522672,27299.14,MAINTENANCE
SAT03846,-60.948452,-111.273184,13461.17,INACTIVE
SAT03847,-22.267672,-7.623123,12953.86,MAINTENANCE
SAT03848,-79.519393,-89.361379,10408.75,ACTIVE
SAT03849,71.404474,-120.437507,35752.65,ACTIVE
SAT03850,31.453926,-59.232397,2313.75,ACTIVE
SAT03851,47.377782,-129.430289,12181.78,MAINTENANCE
SAT03852,52.615331,129.051583,24263.24,MAINTENANCE
SAT03853,42.854769,32.798121,35882.62,INACTIVE
SAT03854,51.303545,-130.063148,5137.53,ACTIVE
SAT03855,61.847157,16.066919,766.99,INACTIVE
SAT03856,27.10411,41.228138,34556.15,ACTIVE
SAT03857,-61.9266,83.818706,5888.7,MAINTENANCE
SAT03858,-1.042956,161.799098,8950.97,INACTIVE
SAT03859,59.469748,0.875412,3513.19,ACTIVE
SAT03860,17.014647,93.002071,22732.44,ACTIVE
SAT03861,61.525867,109.222683,6769.27,MAINTENANCE
SAT03862,32.282285,-111.124269,4364.51,MAINTENANCE
SAT03863,54.175179,150.562258,32119.06,INACTIVE
SAT03864,-28.706875,63.811948,19236.72,ACTIVE
SAT03865,63.077245,128.284612,31161.43,MAINTENANCE
SAT03866,15.635865,130.845414,24472.15,INACTIVE
SAT03867,81.936151,121.372741,20558.86,ACTIVE
SAT03868,32.900678,137.990515,8394.9,INACTIVE
SAT03869,-81.297135,-3.365868,11875.88,MAINTENANCE
SAT03870,-63.648517,-55.168908,17895.62,MAINTENANCE
SAT03871,-83.749379,-109.775918,3612.73,INACTIVE
SAT03872,-81.320468,-168.330158,6217.36,ACTIVE
SAT03873,43.742796,-103.235295,26389.88,INACTIVE
SAT03874,0.392132,121.506738,2897.78,INACTIVE
SAT03875,22.506563,13.770265,6411.56,ACTIVE
SAT03876,16.492551,41.550359,28059.34,ACTIVE
SAT03877,-89.150855,85.96286,23572.26,MAINTENANCE
SAT03878,25.704899,-33.228797,25614.84,MAINTENANCE
SAT03879,31.169533,130.891885,13044.12,INACTIVE
SAT03880,-35.188142,90.991129,4896.58,ACTIVE
SAT03881,24.879602,123.990648,2604.35,INACTIVE
SAT03882,-86.949175,-1.89405,30222.0,INACTIVE
SAT03883,-78.417248,12.677978,28152.59,MAINTENANCE
SAT03884,0.945519,7.114906,20211.06,MAINTENANCE
SAT03885,-86.204275,124.588681,5144.49,MAINTENANCE
SAT03886,-89.46956,-140.136891,20624.68,ACTIVE
SAT03887,-61.895076,-121.301463,17136.94,MAINTENANCE
SAT03888,33.230217,-159.855578,5706.23,MAINTENANCE
SAT03889,23.503075,-24.279932,13059.95,INACTIVE
SAT03890,14.224085,-66.345379,2281.57,ACTIVE
SAT03891,-28.12606,176.270112,4019.8,MAINTENANCE
SAT03892,61.679096,-73.301399,13746.08,MAINTENANCE
SAT03893,40.933625,25.923701,32953.74,INACTIVE
SAT03894,-25.135615,37.451498,17222.9,MAINTENANCE
SAT03895,16.500784,0.165212,31400.37,MAINTENANCE
SAT03896,75.884823,-115.282935,6514.97,ACTIVE
SAT03897,80.798245,31.322556,8161.16,MAINTENANCE
SAT03898,83.341559,-147.915842,21800.68,INACTIVE
SAT03899,39.677495,10.269452,5655.36,MAINTENANCE
SAT03900,-61.981228,177.208814,31843.1,INACTIVE
SAT03901,39.558195,47.428844,13201.6,MAINTENANCE
SAT03902,-74.348877,-102.906213,24248.84,ACTIVE
SAT03903,-3.067448,112.824132,1306.8,MAINTENANCE
SAT03904,26.183812,-112.251303,14394.84,MAINTENANCE
SAT03905,-17.769244,-79.605044,977.22,MAINTENANCE
SAT03906,46.94103,122.60846,6497.7,ACTIVE
SAT03907,-57.729233,-5.349091,14311.15,ACTIVE
SAT03908,64.748035,-179.628943,30529.41,ACTIVE
SAT03909,-28.708934,-145.29893,16794.86,MAINTENANCE
SAT03910,46.525738,-131.810506,32468.36,INACTIVE
SAT03911,-62.321663,21.406035,8195.32,MAINTENANCE
SAT03912,-59.097324,165.40387,1923.78,MAINTENANCE
SAT03913,-84.388336,39.164433,20767.62,MAINTENANCE
SAT03914,7.002657,176.978606,16719.99,INACTIVE
SAT03915,-4.539584,-97.443275,3097.1,MAINTENANCE
SAT03916,34.257198,-140.010177,20510.75,MAINTENANCE
SAT03917,-71.556218,68.143466,3693.97,INACTIVE
SAT03918,72.460203,61.278887,3380.09,MAINTENANCE
SAT03919,67.258198,-133.733256,5112.11,MAINTENANCE
SAT03920,-72.661679,43.540265,14306.53,MAINTENANCE
SAT03921,37.415808,104.540094,14878.61,ACTIVE
SAT03922,29.517943,103.030209,20831.06,MAINTENANCE
SAT03923,69.716988,106.907186,33569.61,MAINTENANCE
SAT03924,18.175655,-131.885564,24116.42,MAINTENANCE
SAT03925,30.9735,67.043106,32818.91,ACTIVE
SAT03926,-83.902813,76.089017,20987.69,ACTIVE
SAT03927,72.400179,104.853832,1818.77,ACTIVE
SAT03928,53.666285,-112.790314,30651.52,ACTIVE
SAT03929,84.086431,62.480655,7548.07,ACTIVE
SAT03930,-73.14019,-18.154638,32161.34,MAINTENANCE
SAT03931,42.827723,-86.198046,18068.71,ACTIVE
SAT03932,50.53346,57.390965,35629.33,MAINTENANCE
SAT03933,-79.13993,-122.148438,7620.12,MAINTENANCE
SAT03934,-39.271433,-170.773098,32197.35,ACTIVE
SAT03935,-41.028221,-65.721879,758.63,MAINTENANCE
SAT03936,-59.997617,-133.377663,8821.21,ACTIVE
SAT03937,67.893331,-63.06171,10615.72,INACTIVE
SAT03938,-1.459143,41.379086,35717.29,INACTIVE
SAT03939,-69.068633,-155.57724,496.32,ACTIVE
SAT03940,72.419733,10.807281,31844.44,INACTIVE
SAT03941,-49.229277,127.769363,16436.28,ACTIVE
SAT03942,-22.699652,162.380128,23378.55,INACTIVE
SAT03943,74.951575,-77.141742,22174.59,ACTIVE
SAT03944,-46.205645,-153.778329,31548.95,ACTIVE
SAT03945,-52.975616,-163.397649,26836.38,MAINTENANCE
SAT03946,-54.757727,110.900187,32134.39,INACTIVE
SAT03947,66.639614,74.867895,18440.46,MAINTENANCE
SAT03948,69.265274,149.784781,4751.24,INACTIVE
SAT03949,-33.170185,-3.688511,1978.15,ACTIVE
SAT03950,19.213118,26.567813,20894.5,ACTIVE
SAT03951,12.318765,-41.980666,22444.52,INACTIVE
SAT03952,-85.238959,7.956338,30689.03,ACTIVE
SAT03953,38.816397,47.673135,10314.27,INACTIVE
SAT03954,-41.309553,-22.001862,11399.15,ACTIVE
SAT03955,89.767652,-150.181496,32762.95,INACTIVE
SAT03956,-16.711626,7.334681,3398.27,MAINTENANCE
SAT03957,-33.721382,49.493511,9484.53,INACTIVE
SAT03958,-37.572433,-106.368263,717.86,ACTIVE
SAT03959,-83.988248,142.90154,7189.87,INACTIVE
SAT03960,-37.991642,-87.335492,17178.24,MAINTENANCE
SAT03961,31.378199,-23.890825,12734.72,ACTIVE
SAT03962,-48.695992,162.021505,10017.38,INACTIVE
SAT03963,-69.684437,156.172332,8108.23,INACTIVE
SAT03964,-9.423302,-78.943978,9774.64,ACTIVE
SAT03965,29.873271,-155.828176,28892.12,INACTIVE
SAT03966,-57.410688,-27.88903,18784.36,ACTIVE
SAT03967,-10.840459,-79.598173,28481.48,MAINTENANCE
SAT03968,-17.755445,-49.627133,340.5,ACTIVE
SAT03969,-81.093317,-140.809699,3777.58,INACTIVE
SAT03970,-82.212926,-47.67272,20665.55,INACTIVE
SAT03971,76.311826,-94.007399,33546.85,INACTIVE
SAT03972,-5.344532,48.053473,2578.98,INACTIVE
SAT03973,58.948764,157.8434,3853.0,ACTIVE
SAT03974,57.837453,-98.017183,19740.61,ACTIVE
SAT03975,46.350672,-158.76828,8253.95,ACTIVE
SAT03976,-40.201281,-47.729806,12813.95,INACTIVE
SAT03977,-45.589367,130.41607,4253.56,MAINTENANCE
SAT03978,45.44198,-147.539192,20855.6,INACTIVE
SAT03979,3.810791,-41.796139,10307.55,INACTIVE
SAT03980,-16.472738,1.645514,3568.07,INACTIVE
SAT03981,2.46844,-3.263994,23339.06,MAINTENANCE
SAT03982,19.528085,-80.377028,23153.0,MAINTENANCE
SAT03983,44.772147,8.329595,30508.2,MAINTENANCE
SAT03984,-8.769518,69.883607,12586.87,ACTIVE
SAT03985,61.809368,-94.440201,20247.96,ACTIVE
SAT03986,-81.064409,-166.781263,18364.48,INACTIVE
SAT03987,58.493614,-123.246862,17676.5,ACTIVE
SAT03988,-68.298251,71.507483,27276.62,MAINTENANCE
SAT03989,26.496822,169.96657,3849.45,MAINTENANCE
SAT03990,62.337678,-19.033492,20213.67,MAINTENANCE
SAT03991,7.386287,-111.209147,35572.48,INACTIVE
SAT03992,13.229843,-46.687786,15205.79,MAINTENANCE
SAT03993,-17.578193,169.888215,6178.4,MAINTENANCE
SAT03994,89.81536,-2.343031,27790.95,INACTIVE
SAT03995,-69.64129,-37.819653,21408.59,INACTIVE
SAT03996,69.906854,80.19547,25845.11,MAINTENANCE
SAT03997,66.605996,-45.386471,33588.87,ACTIVE
SAT03998,75.729433,2.041115,25403.92,ACTIVE
SAT03999,-8.865188,-15.828429,12482.29,ACTIVE
SAT04000,32.123207,153.973538,22714.6,MAINTENANCE
SAT04001,-66.308525,-82.586664,2146.36,MAINTENANCE
SAT04002,-9.48481,-21.067194,25156.05,INACTIVE
SAT04003,20.225738,-75.75145,34062.36,MAINTENANCE
SAT04004,-10.398536,-171.841073,14804.13,ACTIVE
SAT04005,3.784753,13.641144,29011.21,INACTIVE
SAT04006,16.469197,84.729199,7281.78,INACTIVE
SAT04007,73.746054,-12.418426,27004.66,ACTIVE
SAT04008,78.400611,-96.74397,32312.22,INACTIVE
SAT04009,88.902167,46.610194,12126.85,ACTIVE
SAT04010,82.842553,-53.054482,23328.14,ACTIVE
SAT04011,-84.06688,-103.538524,4957.85,INACTIVE
SAT04012,56.54528,-141.966217,23246.55,INACTIVE
SAT04013,-63.176182,-141.492316,22959.32,MAINTENANCE
SAT04014,-37.590984,37.236359,13379.79,ACTIVE
SAT04015,-2.943701,145.236366,13528.48,MAINTENANCE
SAT04016,-64.918105,-73.863455,22907.03,ACTIVE
SAT04017,12.841835,-28.660586,27662.61,ACTIVE
SAT04018,70.534988,-126.330106,14016.82,ACTIVE
SAT04019,-66.521692,118.450365,26897.43,MAINTENANCE
SAT04020,-40.424421,-34.598627,5343.49,MAINTENANCE
SAT04021,-26.414778,-84.748714,2163.64,ACTIVE
SAT04022,-51.686818,-25.519369,8866.89,INACTIVE
SAT04023,-31.690853,75.695821,1424.22,INACTIVE
SAT04024,3.940575,100.68103,14676.59,INACTIVE
SAT04025,44.573822,-15.549802,10834.39,ACTIVE
SAT04026,-62.662956,-87.489409,35372.67,MAINTENANCE
SAT04027,-26.13957,-40.914951,26469.47,ACTIVE
SAT04028,69.534,-55.449818,15219.63,MAINTENANCE
SAT04029,-32.275566,134.63149,17524.9,INACTIVE
SAT04030,-27.484823,165.919341,3344.0,MAINTENANCE
SAT04031,5.873503,119.658471,31427.29,INACTIVE
SAT04032,56.023488,-19.522124,26905.18,MAINTENANCE
SAT04033,78.026687,173.228875,4983.48,ACTIVE
SAT04034,34.501065,116.2488,22744.49,INACTIVE
SAT04035,-88.349292,159.279186,22549.0,INACTIVE
SAT04036,-74.156085,-144.406947,278.86,MAINTENANCE
SAT04037,-17.71795,62.919353,17061.75,MAINTENANCE
SAT04038,73.705599,-30.427541,30176.61,INACTIVE
SAT04039,80.644912,105.837375,9149.63,MAINTENANCE
SAT04040,-57.649189,173.100356,27417.08,INACTIVE
SAT04041,-74.449695,87.85238,17428.73,INACTIVE
SAT04042,-42.981774,31.284848,24481.85,MAINTENANCE
SAT04043,57.626108,-176.569455,7208.18,MAINTENANCE
SAT04044,42.129215,43.192432,24051.11,MAINTENANCE
SAT04045,-49.296322,94.985855,35570.98,ACTIVE
SAT04046,-55.325058,-84.117255,7524.45,ACTIVE
SAT04047,23.052553,-38.497396,22238.52,ACTIVE
SAT04048,-38.32017,-84.220777,20398.0,MAINTENANCE
SAT04049,-40.789319,-111.031708,8025.7,MAINTENANCE
SAT04050,85.960596,-62.325892,2067.82,ACTIVE
SAT04051,-13.945344,-77.960429,502.85,ACTIVE
SAT04052,-67.996589,-108.697924,32237.51,INACTIVE
SAT04053,-26.939782,-85.158885,545.51,ACTIVE
SAT04054,-77.609804,156.356562,12341.44,INACTIVE
SAT04055,21.325923,169.993784,3260.79,MAINTENANCE
SAT04056,73.314466,129.073462,5511.2,INACTIVE
SAT04057,-74.26735,-87.676253,2839.83,MAINTENANCE
SAT04058,-24.990523,30.414378,31508.22,MAINTENANCE
SAT04059,75.167926,-118.312029,676.27,ACTIVE
SAT04060,-78.220395,-44.694528,25660.28,ACTIVE
SAT04061,74.867101,48.592284,8208.82,ACTIVE
SAT04062,-35.103557,29.177186,8742.26,ACTIVE
SAT04063,0.890411,-45.263037,19983.1,MAINTENANCE
SAT04064,-78.128142,-172.18664,33854.93,ACTIVE
SAT04065,6.626203,34.715384,10082.73,INACTIVE
SAT04066,-75.422776,154.417269,3530.31,MAINTENANCE
SAT04067,-16.042099,-31.860331,589.2,INACTIVE
SAT04068,-10.131957,74.969676,25161.93,INACTIVE
SAT04069,53.605289,-14.359798,6210.73,ACTIVE
SAT04070,80.661173,-118.07342,15190.69,MAINTENANCE
SAT04071,-17.538829,89.322766,19862.48,ACTIVE
SAT04072,-78.041906,176.305182,4138.21,INACTIVE
SAT04073,-62.20113,68.326027,22647.88,MAINTENANCE
SAT04074,-12.687945,-158.788754,33389.22,INACTIVE
SAT04075,38.625974,178.52571,6949.43,MAINTENANCE
SAT04076,-60.14517,-96.304027,1022.89,INACTIVE
SAT04077,-31.870234,27.540945,3697.05,ACTIVE
SAT04078,-0.167757,-125.709889,27687.75,INACTIVE
SAT04079,32.776629,118.28398,30206.18,INACTIVE
SAT04080,35.444227,127.97685,4766.84,MAINTENANCE
SAT04081,-25.329671,-19.236999,30507.74,ACTIVE
SAT04082,-17.588972,150.619085,25313.96,INACTIVE
SAT04083,-35.415137,-87.665875,22429.68,MAINTENANCE
SAT04084,46.598099,-145.666362,14981.29,ACTIVE
SAT04085,83.922794,56.538543,18817.84,INACTIVE
SAT04086,-47.221261,-175.766916,19917.21,INACTIVE
SAT04087,62.411548,-94.368193,28901.39,MAINTENANCE
SAT04088,36.454404,-153.370222,17748.39,INACTIVE
SAT04089,31.798076,-126.206326,11987.46,ACTIVE
SAT04090,-62.102079,-135.024473,1299.1,INACTIVE
SAT04091,53.09368,68.529695,24823.16,MAINTENANCE
SAT04092,-38.969946,-80.537541,806.59,ACTIVE
SAT04093,-86.234733,-179.562525,31236.57,MAINTENANCE
SAT04094,39.739107,-16.547275,12436.75,MAINTENANCE
SAT04095,-84.476975,-112.04294,27940.38,MAINTENANCE
SAT04096,28.890719,-149.783256,10162.7,INACTIVE
SAT04097,35.325908,-56.141679,3748.85,MAINTENANCE
SAT04098,61.949303,177.653081,18466.67,INACTIVE
SAT04099,-28.568098,103.008503,11503.03,ACTIVE
SAT04100,67.486298,-91.157418,13273.53,INACTIVE
SAT04101,52.666148,98.470669,3475.12,MAINTENANCE
SAT04102,-37.623448,-58.136431,29134.85,MAINTENANCE
SAT04103,-51.593731,164.227552,13881.48,INACTIVE
SAT04104,2.801054,152.034073,14240.4,MAINTENANCE
SAT04105,-81.605335,-167.992463,21966.95,ACTIVE
SAT04106,-29.679504,8.800534,5745.55,MAINTENANCE
SAT04107,-46.011846,-53.969102,11629.91,ACTIVE
SAT04108,57.628742,-119.237976,5112.45,MAINTENANCE
SAT04109,-2.112392,-112.749554,19940.98,MAINTENANCE
SAT04110,-43.913249,39.746651,25866.92,INACTIVE
SAT04111,67.199067,121.177605,19135.18,MAINTENANCE
SAT04112,80.325619,26.62012,27770.95,MAINTENANCE
SAT04113,-45.36394,-82.6999,25036.11,INACTIVE
SAT04114,2.491387,163.976759,3869.12,ACTIVE
SAT04115,-47.766683,-156.208584,29719.9,ACTIVE
SAT04116,-40.099902,136.884373,31005.31,MAINTENANCE
SAT04117,36.511387,162.277758,25035.42,ACTIVE
SAT04118,31.736084,-165.93177,21802.56,MAINTENANCE
SAT04119,-0.985322,-50.566639,16768.53,ACTIVE
SAT04120,-38.54905,175.952745,26752.7,INACTIVE
SAT04121,-38.303865,113.177381,17110.23,ACTIVE
SAT04122,73.85168,-59.804026,14143.31,ACTIVE
SAT04123,-45.275099,-102.049959,27209.01,ACTIVE
SAT04124,54.172378,-93.516157,22785.96,INACTIVE
SAT04125,-25.428769,150.469578,13783.26,ACTIVE
SAT04126,-12.832384,38.411133,11386.05,ACTIVE
SAT04127,23.071999,-126.664661,17492.83,INACTIVE
SAT04128,39.787793,1.551215,33295.11,ACTIVE
SAT04129,-78.681907,43.414757,4046.29,MAINTENANCE
SAT04130,8.099509,66.748309,17975.77,INACTIVE
SAT04131,54.908488,-4.990002,10289.31,MAINTENANCE
SAT04132,80.314483,104.380538,27917.13,INACTIVE
SAT04133,-62.722284,-7.629876,4654.68,MAINTENANCE
SAT04134,49.703227,157.307575,16878.66,MAINTENANCE
SAT04135,-41.977554,-51.756264,33108.04,INACTIVE
SAT04136,-87.234795,-146.873684,1363.75,INACTIVE
SAT04137,-34.79433,8.818742,22149.95,INACTIVE
SAT04138,10.903022,162.402762,26534.6,INACTIVE
SAT04139,5.958933,-172.594461,15339.28,MAINTENANCE
SAT04140,58.844445,-148.570178,12822.48,ACTIVE
SAT04141,-1.704388,-81.943451,4326.36,INACTIVE
SAT04142,-54.617617,101.912109,28504.06,ACTIVE
SAT04143,79.369455,-17.072029,28506.6,INACTIVE
SAT04144,1.833779,-76.736219,14324.85,MAINTENANCE
SAT04145,-43.527475,-133.710721,7604.61,INACTIVE
SAT04146,9.557945,-106.342431,5024.63,ACTIVE
SAT04147,-46.204173,74.954654,10527.01,INACTIVE
SAT04148,-63.369364,-157.252242,24859.2,INACTIVE
SAT04149,-61.449785,41.795899,32079.6,INACTIVE
SAT04150,5.881192,-92.697049,31393.86,INACTIVE
SAT04151,51.362239,62.023488,28195.56,ACTIVE
SAT04152,-33.828165,-132.903855,16948.08,INACTIVE
SAT04153,-8.275577,151.698295,3846.56,ACTIVE
SAT04154,-33.418951,-166.057756,9166.16,INACTIVE
SAT04155,29.803192,-99.005595,18636.47,ACTIVE
SAT04156,-80.476712,101.031462,32281.64,MAINTENANCE
SAT04157,-7.14507,-91.317637,29789.65,MAINTENANCE
SAT04158,-66.19545,-154.087891,3108.3,MAINTENANCE
SAT04159,-82.034019,-68.993431,14042.38,INACTIVE
SAT04160,76.352914,178.092436,7750.09,ACTIVE
SAT04161,42.133894,31.17497,9081.85,ACTIVE
SAT04162,66.131484,-5.834214,17140.94,INACTIVE
SAT04163,78.434411,3.011444,16498.54,MAINTENANCE
SAT04164,-46.067182,76.369254,4296.42,INACTIVE
SAT04165,80.310758,75.195758,10852.97,INACTIVE
SAT04166,17.067384,165.991417,15885.73,ACTIVE
SAT04167,35.379076,179.296522,2552.61,MAINTENANCE
SAT04168,73.744936,2.576416,30329.04,INACTIVE
SAT04169,-55.768806,63.866607,29429.45,INACTIVE
SAT04170,41.597503,128.997257,9801.71,MAINTENANCE
SAT04171,63.346845,2.53179,1339.68,MAINTENANCE
SAT04172,1.120666,-167.725003,21862.43,INACTIVE
SAT04173,-41.430432,-100.477432,26087.42,INACTIVE
SAT04174,-6.71594,-98.484542,13496.02,MAINTENANCE
SAT04175,25.12497,100.009371,23785.8,ACTIVE
SAT04176,51.822141,-57.496892,2866.4,ACTIVE
SAT04177,87.067528,-30.059189,33242.63,MAINTENANCE
SAT04178,-50.632057,39.742816,23575.33,MAINTENANCE
SAT04179,55.099227,44.160866,19510.03,ACTIVE
SAT04180,-75.67927,16.277213,18316.19,ACTIVE
SAT04181,-4.911126,70.624435,2176.65,ACTIVE
SAT04182,-67.541809,65.292018,6093.58,MAINTENANCE
SAT04183,8.439404,-6.911642,27861.86,ACTIVE
SAT04184,-12.689456,39.575945,7667.42,MAINTENANCE
SAT04185,65.950423,89.929977,16645.72,MAINTENANCE
SAT04186,-10.063484,-124.771293,35227.17,INACTIVE
SAT04187,79.73504,-82.772197,5466.49,INACTIVE
SAT04188,-71.976956,32.418309,5862.05,ACTIVE
SAT04189,-25.133514,-126.916887,2295.91,ACTIVE
SAT04190,-47.352876,26.237325,11295.08,ACTIVE
SAT04191,70.270746,69.934903,33395.44,MAINTENANCE
SAT04192,-10.911382,140.987253,29293.18,INACTIVE
SAT04193,-24.230511,23.603951,4764.97,INACTIVE
SAT04194,16.151605,158.874231,9235.72,MAINTENANCE
SAT04195,53.97375,174.210498,27585.25,ACTIVE
SAT04196,8.414115,-8.775174,11094.09,ACTIVE
SAT04197,-38.529024,-43.026054,9871.27,INACTIVE
SAT04198,-9.80097,177.903342,7419.92,ACTIVE
SAT04199,-12.473751,141.210721,24951.23,MAINTENANCE
SAT04200,-74.574729,82.01483,17849.76,INACTIVE
SAT04201,18.759786,130.20332,27704.43,INACTIVE
SAT04202,48.987203,156.545384,5337.64,INACTIVE
SAT04203,-18.381729,23.242672,34565.75,MAINTENANCE
SAT04204,-80.744217,-163.194828,28106.93,ACTIVE
SAT04205,-7.292814,-131.567812,8580.16,INACTIVE
SAT04206,-40.374785,-95.483728,9938.75,MAINTENANCE
SAT04207,-74.276615,-99.172437,8393.75,ACTIVE
SAT04208,71.474657,118.143499,4704.49,MAINTENANCE
SAT04209,-67.020489,-97.705494,19895.54,ACTIVE
SAT04210,46.909352,-109.580886,15146.39,INACTIVE
SAT04211,-69.842959,151.594939,13292.38,ACTIVE
SAT04212,49.134413,-56.975365,17565.1,MAINTENANCE
SAT04213,-61.4621,62.08127,13940.4,MAINTENANCE
SAT04214,86.233137,-175.932056,21957.45,MAINTENANCE
SAT04215,-8.987148,111.884068,19527.7,ACTIVE
SAT04216,89.690118,56.072694,4394.1,ACTIVE
SAT04217,58.455909,59.564752,34901.87,INACTIVE
SAT04218,37.957116,64.126657,4425.87,MAINTENANCE
SAT04219,-65.010387,-96.374677,28006.99,MAINTENANCE
SAT04220,-36.211577,-85.855495,9209.84,ACTIVE
SAT04221,45.187664,-112.450815,22155.39,MAINTENANCE
SAT04222,-12.919276,39.89736,5087.86,INACTIVE
SAT04223,46.729089,5.992563,16845.25,INACTIVE
SAT04224,-4.178668,-91.937768,17844.78,INACTIVE
SAT04225,1.806597,3.217482,28800.59,INACTIVE
SAT04226,27.514155,-113.062888,26884.02,ACTIVE
SAT04227,32.526954,39.670144,16910.94,ACTIVE
SAT04228,-75.587333,-129.116828,15691.56,MAINTENANCE
SAT04229,77.045092,-141.213957,13149.96,ACTIVE
SAT04230,27.589334,-141.286938,29885.27,ACTIVE
SAT04231,20.35275,-152.778722,35269.31,ACTIVE
SAT04232,-4.952592,15.139896,20690.54,ACTIVE
SAT04233,25.463236,-41.580914,7977.91,MAINTENANCE
SAT04234,-73.825283,-6.515851,22183.56,INACTIVE
SAT04235,-53.62634,-158.838677,29883.15,MAINTENANCE
SAT04236,69.749505,-48.554213,12884.17,INACTIVE
SAT04237,-12.061483,97.279529,24244.16,MAINTENANCE
SAT04238,-24.947722,130.746607,20984.72,ACTIVE
SAT04239,80.016214,-94.165895,3283.11,MAINTENANCE
SAT04240,-11.072707,132.709543,4781.42,INACTIVE
SAT04241,-14.513854,152.125268,6116.01,MAINTENANCE
SAT04242,-25.60761,21.276624,24518.43,INACTIVE
SAT04243,52.679513,131.953839,8641.42,MAINTENANCE
SAT04244,72.142203,17.009722,30716.84,INACTIVE
SAT04245,-74.654966,173.049782,23852.37,INACTIVE
SAT04246,79.220931,140.138361,34914.95,ACTIVE
SAT04247,-61.352239,-107.485905,13272.71,ACTIVE
SAT04248,8.746401,153.291338,27751.85,ACTIVE
SAT04249,1.658809,-164.118589,25845.34,ACTIVE
SAT04250,-66.217181,-170.100678,20712.12,ACTIVE
SAT04251,66.720118,-129.507577,35559.37,ACTIVE
SAT04252,18.334124,10.726797,16540.69,ACTIVE
SAT04253,50.052858,-86.109185,33142.18,MAINTENANCE
SAT04254,49.837334,90.269385,22244.54,MAINTENANCE
SAT04255,-84.741763,70.186221,19011.92,MAINTENANCE
SAT04256,-52.943299,151.954456,26509.51,MAINTENANCE
SAT04257,-20.909802,-14.502382,34317.9,INACTIVE
SAT04258,-64.255483,-109.033069,28043.82,INACTIVE
SAT04259,-77.929329,-98.649379,19287.11,INACTIVE
SAT04260,46.935403,111.52113,8528.63,MAINTENANCE
SAT04261,51.17397,-167.842315,29427.42,INACTIVE
SAT04262,20.525229,-129.373973,11420.39,INACTIVE
SAT04263,83.278513,-80.449776,14313.37,INACTIVE
SAT04264,37.249359,-9.741953,14577.09,ACTIVE
SAT04265,74.392165,-98.670057,9873.63,INACTIVE
SAT04266,-83.030188,12.369548,17623.78,ACTIVE
SAT04267,-69.726804,-4.373395,24179.62,INACTIVE
SAT04268,28.813953,-83.266512,15515.21,INACTIVE
SAT04269,47.136675,-78.818966,33298.6,MAINTENANCE
SAT04270,47.674773,-174.354143,29004.97,INACTIVE
SAT04271,57.952668,54.879303,28580.12,ACTIVE
SAT04272,21.440651,45.217626,28368.47,MAINTENANCE
SAT04273,13.439015,89.872597,9581.53,MAINTENANCE
SAT04274,77.300253,-137.773433,7424.23,MAINTENANCE
SAT04275,-83.567915,-38.623753,30147.94,ACTIVE
SAT04276,0.48983,-140.647975,15309.02,ACTIVE
SAT04277,32.013525,-84.70346,30981.05,MAINTENANCE
SAT04278,-53.63219,45.403775,13292.36,INACTIVE
SAT04279,38.97854,18.817672,5990.86,MAINTENANCE
SAT04280,-37.544598,114.474573,29519.26,INACTIVE
SAT04281,25.856974,-31.473728,4373.71,MAINTENANCE
SAT04282,-73.218688,-33.883331,21655.19,MAINTENANCE
SAT04283,-55.781922,-150.546794,1318.23,INACTIVE
SAT04284,52.086916,47.147877,24972.83,INACTIVE
SAT04285,-37.007548,-158.249909,5973.35,INACTIVE
SAT04286,-15.72438,72.932821,3079.07,ACTIVE
SAT04287,85.0012,8.308507,26844.02,MAINTENANCE
SAT04288,54.473118,-139.243912,27150.3,MAINTENANCE
SAT04289,-2.962016,-65.980861,12311.6,INACTIVE
SAT04290,-66.067583,-32.009372,8224.56,MAINTENANCE
SAT04291,41.307655,-178.187947,28491.95,INACTIVE
SAT04292,-88.871399,-126.279087,3143.6,MAINTENANCE
SAT04293,-85.851865,-34.834059,13721.29,ACTIVE
SAT04294,73.856957,90.076469,17071.88,INACTIVE
SAT04295,-59.342095,-74.488858,26709.76,ACTIVE
SAT04296,-31.067156,-71.613587,16581.26,INACTIVE
SAT04297,-18.36408,-76.460812,3916.45,ACTIVE
SAT04298,-75.398134,76.933892,30977.43,ACTIVE
SAT04299,-39.17208,95.484449,8578.87,ACTIVE
SAT04300,10.589063,11.622567,7707.25,ACTIVE
SAT04301,65.804742,64.585375,15446.13,INACTIVE
SAT04302,62.547559,-16.7155,11627.21,MAINTENANCE
SAT04303,25.739553,-9.651218,26668.5,MAINTENANCE
SAT04304,-12.917557,65.101297,29561.44,INACTIVE
SAT04305,-11.216154,-117.620249,1618.27,INACTIVE
SAT04306,-18.899071,-91.300777,6755.23,ACTIVE
SAT04307,19.744264,138.335575,958.24,MAINTENANCE
SAT04308,41.928184,10.758643,2427.99,ACTIVE
SAT04309,-82.916817,158.969004,27124.4,MAINTENANCE
SAT04310,74.240082,-110.62373,13073.14,ACTIVE
SAT04311,-53.856714,-161.758508,23387.05,MAINTENANCE
SAT04312,24.935359,-98.195542,21846.85,MAINTENANCE
SAT04313,-79.029116,135.995566,6623.65,MAINTENANCE
SAT04314,-63.611102,49.141174,31011.72,MAINTENANCE
SAT04315,-71.703077,-147.293542,20855.51,MAINTENANCE
SAT04316,-39.604176,120.041475,23539.96,ACTIVE
SAT04317,81.4902,-117.785358,14204.09,INACTIVE
SAT04318,-64.599559,-57.636023,22717.36,INACTIVE
SAT04319,27.267122,-135.544515,333.0,ACTIVE
SAT04320,80.939589,95.801777,21638.38,MAINTENANCE
SAT04321,-38.879266,96.072437,23217.17,INACTIVE
SAT04322,-79.823621,129.725817,23643.68,MAINTENANCE
SAT04323,89.802049,56.189063,4069.8,MAINTENANCE
SAT04324,-22.538408,-101.000774,14523.14,ACTIVE
SAT04325,7.530682,-86.842567,13593.3,MAINTENANCE
SAT04326,-87.658387,84.262713,10361.59,INACTIVE
SAT04327,-4.547907,175.323039,35961.79,MAINTENANCE
SAT04328,59.305546,-65.965933,18877.06,INACTIVE
SAT04329,33.461107,-6.735397,28355.12,MAINTENANCE
SAT04330,34.613307,-166.72701,29028.04,MAINTENANCE
SAT04331,68.756974,-146.084309,25950.52,MAINTENANCE
SAT04332,-1.70032,179.924769,4700.13,ACTIVE
SAT04333,-62.149526,175.91118,28938.49,INACTIVE
SAT04334,-72.269777,16.880909,6128.88,INACTIVE
SAT04335,76.416572,-167.302279,18714.0,INACTIVE
SAT04336,-54.721178,-173.724021,10415.6,ACTIVE
SAT04337,-50.121559,-167.773626,13353.2,INACTIVE
SAT04338,10.331694,-58.041863,30494.75,INACTIVE
SAT04339,-46.972696,-149.357704,7911.9,MAINTENANCE
SAT04340,-72.908276,-30.272159,31771.83,ACTIVE
SAT04341,7.917236,128.059104,25726.78,ACTIVE
SAT04342,-87.057346,82.966803,22417.38,INACTIVE
SAT04343,-49.502159,91.028628,9486.91,ACTIVE
SAT04344,-75.711864,158.485766,25678.56,ACTIVE
SAT04345,-42.539955,66.971936,28250.61,ACTIVE
SAT04346,66.033568,14.452305,24948.08,MAINTENANCE
SAT04347,78.274134,24.533726,5559.79,INACTIVE
SAT04348,31.123793,6.74424,26148.41,MAINTENANCE
SAT04349,-6.838899,-127.176224,11156.78,ACTIVE
SAT04350,55.551231,71.11016,17985.64,MAINTENANCE
SAT04351,28.6568,142.65535,25174.52,ACTIVE
SAT04352,-3.023567,-98.456307,2614.68,INACTIVE
SAT04353,61.866948,-11.343069,15608.88,MAINTENANCE
SAT04354,-37.505391,-106.635494,20254.28,ACTIVE
SAT04355,53.877804,-176.749188,18586.69,MAINTENANCE
SAT04356,-63.673251,-114.481353,9347.31,INACTIVE
SAT04357,50.689337,151.460489,1053.64,INACTIVE
SAT04358,3.105185,130.851041,26895.73,ACTIVE
SAT04359,69.457222,-153.026769,6623.52,MAINTENANCE
SAT04360,39.971289,48.774954,4014.51,ACTIVE
SAT04361,-28.658028,72.124053,21665.52,MAINTENANCE
SAT04362,-50.434387,-105.008783,13655.11,ACTIVE
SAT04363,61.760759,-38.544569,6378.91,INACTIVE
SAT04364,15.288605,-32.248317,27124.04,MAINTENANCE
SAT04365,-33.805104,-156.619476,9798.73,ACTIVE
SAT04366,58.985721,128.035571,13236.18,INACTIVE
SAT04367,-28.397628,-19.037635,22355.15,MAINTENANCE
SAT04368,-51.422817,-161.499139,9354.22,MAINTENANCE
SAT04369,36.483312,114.829343,23980.39,MAINTENANCE
SAT04370,32.601164,44.088671,12048.22,MAINTENANCE
SAT04371,-73.186924,-87.339496,19966.44,MAINTENANCE
SAT04372,-73.315832,-64.651708,9140.38,MAINTENANCE
SAT04373,58.773703,-76.39776,33950.75,ACTIVE
SAT04374,-15.043492,-171.123923,16657.1,ACTIVE
SAT04375,51.414655,20.554206,2356.9,MAINTENANCE
SAT04376,-1.488579,-13.669735,20492.61,INACTIVE
SAT04377,-86.727486,-3.566936,3660.49,MAINTENANCE
SAT04378,30.775443,105.886818,23930.52,MAINTENANCE
SAT04379,83.036483,100.374087,7730.42,ACTIVE
SAT04380,-37.31703,72.039905,16657.46,ACTIVE
SAT04381,39.686541,18.474316,21809.57,INACTIVE
SAT04382,-74.019585,57.779881,5601.28,ACTIVE
SAT04383,15.155947,145.640979,26446.0,MAINTENANCE
SAT04384,-17.545773,-138.918139,26904.33,ACTIVE
SAT04385,19.490844,119.600103,13772.19,ACTIVE
SAT04386,-20.793634,-107.655682,27112.57,MAINTENANCE
SAT04387,-45.328813,46.892975,10394.22,INACTIVE
SAT04388,8.015818,129.146766,35714.72,INACTIVE
SAT04389,-52.423041,163.238991,10727.63,ACTIVE
SAT04390,-64.807826,-49.409941,13643.63,INACTIVE
SAT04391,-21.425959,24.889784,33384.85,MAINTENANCE
SAT04392,-10.441485,-27.26668,1398.67,ACTIVE
SAT04393,31.447836,118.182923,25530.6,ACTIVE
SAT04394,79.150909,76.966486,2474.03,ACTIVE
SAT04395,75.180441,127.307543,16475.83,ACTIVE
SAT04396,86.711831,173.513844,8418.4,MAINTENANCE
SAT04397,-28.179506,-60.604353,13181.28,INACTIVE
SAT04398,-66.361867,114.944834,28060.62,INACTIVE
SAT04399,-35.771054,27.174421,18203.39,ACTIVE
SAT04400,14.814422,-103.953495,8540.93,ACTIVE
SAT04401,-29.122092,29.675197,10975.21,INACTIVE
SAT04402,-54.060656,-47.321377,31430.67,MAINTENANCE
SAT04403,62.34734,63.457799,30042.0,ACTIVE
SAT04404,-72.47669,64.894671,7995.55,INACTIVE
SAT04405,-40.00892,140.758323,26111.3,INACTIVE
SAT04406,2.15559,124.952096,32927.82,ACTIVE
SAT04407,78.681196,88.832199,25341.2,ACTIVE
SAT04408,-69.222186,-51.190122,17552.65,INACTIVE
SAT04409,12.028052,51.214402,23618.04,MAINTENANCE
SAT04410,-81.106241,172.101015,8411.8,INACTIVE
SAT04411,85.812786,96.666364,27922.32,INACTIVE
SAT04412,70.722415,133.946474,7142.83,ACTIVE
SAT04413,2.190175,-1.870017,15161.05,MAINTENANCE
SAT04414,-49.775809,95.636812,4360.31,INACTIVE
SAT04415,-54.839822,13.61561,6698.45,MAINTENANCE
SAT04416,-22.478408,-66.40452,20497.05,INACTIVE
SAT04417,2.097931,-84.998799,28023.87,ACTIVE
SAT04418,-41.143021,47.910101,899.76,ACTIVE
SAT04419,-23.549503,49.12184,13074.84,INACTIVE
SAT04420,38.856559,-17.43203,5658.7,MAINTENANCE
SAT04421,-70.753349,-81.960537,14183.48,MAINTENANCE
SAT04422,34.040187,145.009105,34302.94,INACTIVE
SAT04423,-29.863011,-2.776221,25394.37,ACTIVE
SAT04424,-21.872104,54.153344,28651.39,ACTIVE
SAT04425,65.478245,-39.754584,34101.31,ACTIVE
SAT04426,11.58068,-130.823988,6457.48,MAINTENANCE
SAT04427,-66.784002,-148.894737,6990.59,ACTIVE
SAT04428,57.592066,40.302068,25194.19,INACTIVE
SAT04429,-37.92935,41.917252,17761.66,MAINTENANCE
SAT04430,13.389879,93.310666,9125.22,MAINTENANCE
SAT04431,-24.719745,-162.98198,17454.52,ACTIVE
SAT04432,22.904936,-76.086878,31654.67,ACTIVE
SAT04433,-6.072608,144.318036,24465.35,INACTIVE
SAT04434,-0.393477,179.966998,33301.63,MAINTENANCE
SAT04435,-86.266396,-100.942407,7291.74,ACTIVE
SAT04436,-56.618157,53.773241,1203.17,ACTIVE
SAT04437,51.149863,46.480117,23959.0,ACTIVE
SAT04438,11.14448,-143.993939,31397.79,INACTIVE
SAT04439,-75.675224,44.28881,23620.25,MAINTENANCE
SAT04440,81.9599,-121.824789,3253.02,ACTIVE
SAT04441,72.39227,140.984465,3193.52,MAINTENANCE
SAT04442,-42.268553,131.081266,24954.83,MAINTENANCE
SAT04443,12.71291,128.80483,27878.51,MAINTENANCE
SAT04444,-56.028186,-165.484893,5531.38,MAINTENANCE
SAT04445,37.356723,106.846431,32218.62,MAINTENANCE
SAT04446,16.556563,175.084981,21992.4,ACTIVE
SAT04447,-67.806712,-51.572913,12274.39,ACTIVE
SAT04448,89.434724,-170.827616,15045.3,MAINTENANCE
SAT04449,-68.230426,-57.936948,20660.51,ACTIVE
SAT04450,-5.875657,-0.644429,28480.97,INACTIVE
SAT04451,0.172589,34.174064,16811.76,ACTIVE
SAT04452,20.280949,148.132769,15837.07,ACTIVE
SAT04453,-80.758959,17.749658,24515.84,ACTIVE
SAT04454,-77.108051,148.402818,6372.34,ACTIVE
SAT04455,-68.120817,-148.086444,23491.89,MAINTENANCE
SAT04456,89.349188,14.764406,1454.03,INACTIVE
SAT04457,34.108634,123.710744,19361.74,INACTIVE
SAT04458,85.332914,149.940127,18591.68,ACTIVE
SAT04459,73.378899,177.813855,34484.03,ACTIVE
SAT04460,-65.994564,95.236303,10764.44,ACTIVE
SAT04461,59.983094,111.847431,26807.65,ACTIVE
SAT04462,-84.073469,-6.27905,3209.45,MAINTENANCE
SAT04463,47.807374,-50.347992,20063.92,MAINTENANCE
SAT04464,3.657382,125.396269,3811.23,ACTIVE
SAT04465,-66.438648,-4.522521,21184.46,INACTIVE
SAT04466,-8.251397,113.44386,27800.34,INACTIVE
SAT04467,7.596851,149.570579,4752.94,MAINTENANCE
SAT04468,39.948118,-48.317183,15859.65,ACTIVE
SAT04469,-18.706378,48.749436,16195.54,MAINTENANCE
SAT04470,-47.588855,136.853337,28405.96,INACTIVE
SAT04471,-61.698586,11.775957,24131.72,MAINTENANCE
SAT04472,-45.502345,97.927675,29329.07,INACTIVE
SAT04473,-0.770878,-177.771844,16047.86,MAINTENANCE
SAT04474,-59.547862,170.150132,15117.37,ACTIVE
SAT04475,4.377621,135.712537,18417.35,INACTIVE
SAT04476,-72.919997,39.725675,10985.66,MAINTENANCE
SAT04477,-74.915564,-102.073034,20039.49,INACTIVE
SAT04478,10.318634,150.291918,24982.29,ACTIVE
SAT04479,-84.989916,-138.545645,26611.41,ACTIVE
SAT04480,-51.866005,-1.807249,759.38,MAINTENANCE
SAT04481,-31.087517,138.423771,15012.39,MAINTENANCE
SAT04482,89.948329,-10.393327,33668.76,INACTIVE
SAT04483,82.338704,-57.03918,22828.28,INACTIVE
SAT04484,-87.639608,-32.791399,25684.96,MAINTENANCE
SAT04485,-57.668384,-115.014023,30497.37,ACTIVE
SAT04486,-45.909341,-122.280335,32169.44,ACTIVE
SAT04487,-48.317037,32.085259,6921.97,ACTIVE
SAT04488,-35.172205,-79.451387,34500.13,INACTIVE
SAT04489,48.795147,132.702098,17110.97,INACTIVE
SAT04490,19.080104,135.429763,24153.43,MAINTENANCE
SAT04491,-83.638398,95.549711,10130.74,ACTIVE
SAT04492,78.211011,95.406183,20501.97,ACTIVE
SAT04493,-73.793551,94.673606,32948.7,MAINTENANCE
SAT04494,-47.67268,79.309534,7584.39,ACTIVE
SAT04495,-86.55303,88.645493,18806.54,INACTIVE
SAT04496,-40.323894,102.307615,4999.69,ACTIVE
SAT04497,15.183262,41.392199,9094.21,MAINTENANCE
SAT04498,-61.050063,175.456109,30869.2,INACTIVE
SAT04499,50.243344,176.271731,35087.54,MAINTENANCE
SAT04500,85.055365,-166.591776,23514.11,INACTIVE
SAT04501,70.792738,-79.755638,4730.61,ACTIVE
SAT04502,58.510156,161.086325,2471.72,MAINTENANCE
SAT04503,26.725268,-82.372852,3210.49,INACTIVE
SAT04504,-19.692404,66.932313,12101.7,MAINTENANCE
SAT04505,16.284039,-44.531744,3169.03,INACTIVE
SAT04506,24.312727,92.854858,19600.61,INACTIVE
SAT04507,87.074432,33.185919,6742.15,MAINTENANCE
SAT04508,-4.457971,76.930926,1537.48,INACTIVE
SAT04509,24.037198,124.737578,5402.5,INACTIVE
SAT04510,81.43615,142.341675,3453.21,ACTIVE
SAT04511,56.480085,48.61338,19914.25,ACTIVE
SAT04512,21.961544,-128.128115,29524.71,ACTIVE
SAT04513,1.573118,-94.636977,26677.33,MAINTENANCE
SAT04514,-23.474916,3.646729,959.78,MAINTENANCE
SAT04515,84.453126,-85.326806,25024.46,MAINTENANCE
SAT04516,68.499702,77.605795,11113.34,MAINTENANCE
SAT04517,21.956226,-151.422254,30404.35,INACTIVE
SAT04518,73.72416,155.230927,12108.87,MAINTENANCE
SAT04519,-21.641183,-51.836918,2374.71,INACTIVE
SAT04520,76.925389,-26.72772,23647.6,INACTIVE
SAT04521,53.324922,109.785911,24784.65,INACTIVE
SAT04522,-81.827288,91.915688,5094.45,ACTIVE
SAT04523,-45.604775,-41.554052,10909.04,MAINTENANCE
SAT04524,72.099586,179.224537,22478.26,INACTIVE
SAT04525,-80.59907,-147.019868,18507.18,ACTIVE
SAT04526,-26.475354,12.003725,5283.73,ACTIVE
SAT04527,-25.788483,101.859546,15224.11,INACTIVE
SAT04528,20.357418,-74.060566,8011.78,INACTIVE
SAT04529,79.748778,-159.466932,17229.41,ACTIVE
SAT04530,42.951842,-92.462331,10558.8,ACTIVE
SAT04531,82.600208,-99.755203,18119.18,ACTIVE
SAT04532,23.479788,-28.601996,3779.36,MAINTENANCE
SAT04533,36.879621,99.178745,29585.31,ACTIVE
SAT04534,-22.635953,53.221858,15287.65,INACTIVE
SAT04535,-3.368373,49.916912,15201.15,MAINTENANCE
SAT04536,-61.213853,-129.366126,14979.73,MAINTENANCE
SAT04537,-12.631672,43.258256,10886.45,ACTIVE
SAT04538,23.700417,-168.668043,14320.13,INACTIVE
SAT04539,85.07819,143.261501,26565.2,MAINTENANCE
SAT04540,37.72477,171.859976,7577.22,ACTIVE
SAT04541,0.112562,22.762412,20874.36,MAINTENANCE
SAT04542,-19.445553,1.461531,29400.48,MAINTENANCE
SAT04543,46.381874,-27.397388,28659.07,ACTIVE
SAT04544,45.278536,9.9917,20789.04,MAINTENANCE
SAT04545,-12.837202,23.065922,22030.83,MAINTENANCE
SAT04546,76.634852,-118.457953,32407.63,MAINTENANCE
SAT04547,-28.093365,-172.904351,409.34,ACTIVE
SAT04548,49.086741,61.242931,24847.66,MAINTENANCE
SAT04549,-9.876787,-159.482824,19585.14,ACTIVE
SAT04550,42.970568,-103.142344,341.54,MAINTENANCE
SAT04551,-66.830229,-78.040338,11032.56,INACTIVE
SAT04552,1.168693,149.856435,4135.21,INACTIVE
SAT04553,70.549586,-80.395441,22816.07,ACTIVE
SAT04554,56.348616,-31.072546,18530.29,INACTIVE
SAT04555,-89.096113,64.656775,21438.83,INACTIVE
SAT04556,32.256281,42.868751,7609.97,ACTIVE
SAT04557,-40.7556,-126.472722,30005.63,ACTIVE
SAT04558,57.199201,45.051174,17081.51,MAINTENANCE
SAT04559,62.522111,-101.011207,23687.02,MAINTENANCE
SAT04560,-74.672821,-123.405311,34513.41,MAINTENANCE
SAT04561,25.384062,149.062023,11952.33,ACTIVE
SAT04562,13.448869,-135.317864,19457.6,MAINTENANCE
SAT04563,76.617231,-87.117192,3987.14,ACTIVE
SAT04564,-53.06365,160.078574,33301.89,MAINTENANCE
SAT04565,61.322478,178.877231,25819.63,ACTIVE
SAT04566,42.457359,-165.439906,2849.78,INACTIVE
SAT04567,40.378057,128.246851,24548.32,MAINTENANCE
SAT04568,-71.875997,65.846365,1565.57,ACTIVE
SAT04569,-2.112988,-15.022911,25863.4,ACTIVE
SAT04570,-50.135805,133.102986,24684.29,MAINTENANCE
SAT04571,-82.085251,150.746715,11045.08,MAINTENANCE
SAT04572,20.425846,4.83941,14408.04,INACTIVE
SAT04573,-7.567649,24.046836,18509.79,ACTIVE
SAT04574,-18.063568,50.200266,12991.29,MAINTENANCE
SAT04575,30.596291,-49.545199,25573.53,MAINTENANCE
SAT04576,10.364594,-103.314677,2049.83,MAINTENANCE
SAT04577,-81.990902,-146.338034,26981.45,MAINTENANCE
SAT04578,-75.840753,30.109065,34586.75,INACTIVE
SAT04579,-89.013324,100.420563,6115.25,ACTIVE
SAT04580,-47.210672,-104.779149,29910.11,MAINTENANCE
SAT04581,-12.718607,-151.95371,3286.31,MAINTENANCE
SAT04582,-57.866275,-150.350613,12516.77,ACTIVE
SAT04583,-35.173673,20.743252,21478.86,INACTIVE
SAT04584,-13.429138,163.795908,17320.83,INACTIVE
SAT04585,17.95482,139.538155,31874.36,INACTIVE
SAT04586,-11.553896,-95.223967,18762.39,ACTIVE
SAT04587,82.296373,178.226656,15731.96,ACTIVE
SAT04588,61.603777,-135.538521,4678.48,INACTIVE
SAT04589,-53.804922,74.059288,4063.57,ACTIVE
SAT04590,-40.175653,5.022974,15824.82,INACTIVE
SAT04591,23.804596,-73.306828,2372.52,MAINTENANCE
SAT04592,54.339427,137.635462,27996.99,MAINTENANCE
SAT04593,-46.869075,-165.316822,7869.22,INACTIVE
SAT04594,-22.288063,-3.819231,13002.06,INACTIVE
SAT04595,-52.729698,-69.934979,19175.41,MAINTENANCE
SAT04596,-83.635705,-135.183844,35842.76,INACTIVE
SAT04597,11.074906,62.902394,16422.4,ACTIVE
SAT04598,-5.692545,68.761733,34753.18,ACTIVE
SAT04599,-3.51923,-97.28938,27291.01,MAINTENANCE
SAT04600,58.730364,93.383141,34163.43,MAINTENANCE
SAT04601,-2.898146,173.936804,7401.78,INACTIVE
SAT04602,26.335554,-8.176968,29923.27,ACTIVE
SAT04603,56.305606,-22.574833,3374.26,ACTIVE
SAT04604,73.212485,140.419705,17705.62,MAINTENANCE
SAT04605,-7.914861,168.444157,31391.03,MAINTENANCE
SAT04606,-46.238578,-22.268403,17898.49,MAINTENANCE
SAT04607,-32.651037,-124.779866,15334.18,MAINTENANCE
SAT04608,5.176447,-121.956449,14151.62,INACTIVE
SAT04609,60.172096,102.760696,3916.15,MAINTENANCE
SAT04610,7.008249,-178.869537,14265.48,INACTIVE
SAT04611,3.645793,-40.429898,35059.24,MAINTENANCE
SAT04612,-53.935029,-13.564455,4575.24,INACTIVE
SAT04613,-56.315723,14.316754,980.6,MAINTENANCE
SAT04614,-54.806245,19.404498,15096.64,ACTIVE
SAT04615,19.886007,90.074411,17376.27,MAINTENANCE
SAT04616,-30.105508,174.185221,3743.47,ACTIVE
SAT04617,-63.026314,42.951452,22984.29,ACTIVE
SAT04618,-40.730341,173.290526,27163.18,ACTIVE
SAT04619,-34.68817,163.033416,2772.23,INACTIVE
SAT04620,-87.82438,128.087428,22629.29,MAINTENANCE
SAT04621,35.125204,119.522707,27221.83,INACTIVE
SAT04622,34.286849,-16.507924,9272.83,INACTIVE
SAT04623,-47.973762,-156.707905,20025.15,MAINTENANCE
SAT04624,1.207725,166.622331,21086.97,MAINTENANCE
SAT04625,9.486081,-36.491358,5838.68,ACTIVE
SAT04626,16.309875,97.92264,10419.48,ACTIVE
SAT04627,18.368985,-1.797718,30580.9,INACTIVE
SAT04628,60.557042,-153.995433,26422.75,INACTIVE
SAT04629,30.187138,-136.860626,14453.03,ACTIVE
SAT04630,58.455061,81.102691,26245.38,ACTIVE
SAT04631,13.443522,3.150226,23332.97,MAINTENANCE
SAT04632,-11.332277,135.918574,5671.51,INACTIVE
SAT04633,32.605655,72.71201,26901.53,MAINTENANCE
SAT04634,18.363469,-88.760032,26056.34,MAINTENANCE
SAT04635,-87.834403,108.574653,33690.89,INACTIVE
SAT04636,-79.067173,150.748339,28715.42,ACTIVE
SAT04637,30.491943,9.554322,11829.71,ACTIVE
SAT04638,85.272421,-93.085564,27954.05,INACTIVE
SAT04639,32.491342,-84.921098,29761.43,ACTIVE
SAT04640,-56.402696,32.503704,9169.36,MAINTENANCE
SAT04641,16.423411,-49.310764,28749.31,INACTIVE
SAT04642,82.034355,-25.134166,25679.13,INACTIVE
SAT04643,-4.827938,-49.15844,17078.97,INACTIVE
SAT04644,35.432877,-138.962458,26920.8,ACTIVE
SAT04645,49.859881,-26.665701,23792.72,INACTIVE
SAT04646,-47.544674,-53.805989,6314.87,INACTIVE
SAT04647,8.625106,-66.662283,14330.02,MAINTENANCE
SAT04648,29.206003,101.21748,3755.19,ACTIVE
SAT04649,73.33745,7.465999,10149.54,INACTIVE
SAT04650,81.635862,7.816241,13110.7,INACTIVE
SAT04651,25.560188,65.370059,4198.09,MAINTENANCE
SAT04652,-83.424981,-26.893352,15560.92,INACTIVE
SAT04653,-25.754434,-68.18338,8779.92,MAINTENANCE
SAT04654,76.932719,17.833233,25857.22,ACTIVE
SAT04655,-58.571808,-57.168581,26877.42,ACTIVE
SAT04656,-84.751918,-138.409331,3007.59,MAINTENANCE
SAT04657,88.730784,-129.921491,4874.71,INACTIVE
SAT04658,83.233356,124.012562,21288.01,ACTIVE
SAT04659,-1.934875,-67.000576,34125.13,INACTIVE
SAT04660,10.623577,-167.269214,12860.69,ACTIVE
SAT04661,-11.519057,-130.717402,5864.59,MAINTENANCE
SAT04662,41.461868,45.298154,25900.69,ACTIVE
SAT04663,16.436812,126.61174,26795.43,ACTIVE
SAT04664,52.602019,-177.400978,15230.08,INACTIVE
SAT04665,-85.730942,-45.784322,20243.26,INACTIVE
SAT04666,-49.141047,-92.0708,15192.12,ACTIVE
SAT04667,-20.782692,74.68685,3437.59,ACTIVE
SAT04668,-26.124934,89.126048,22670.99,ACTIVE
SAT04669,-26.076717,42.336404,25160.61,ACTIVE
SAT04670,-68.20175,11.903573,13148.89,MAINTENANCE
SAT04671,-2.060356,29.476954,3201.54,INACTIVE
SAT04672,13.035861,-161.676818,15011.5,MAINTENANCE
SAT04673,-76.257807,18.213383,3507.98,INACTIVE
SAT04674,19.498204,-149.047036,31553.46,MAINTENANCE
SAT04675,-77.924632,137.818047,26455.98,ACTIVE
SAT04676,0.615404,-106.840517,19914.1,ACTIVE
SAT04677,19.633666,-145.890642,26380.88,MAINTENANCE
SAT04678,53.183438,-77.736003,18348.5,MAINTENANCE
SAT04679,-42.202037,-163.339608,5342.62,ACTIVE
SAT04680,-51.800647,149.804613,17077.66,ACTIVE
SAT04681,-13.883547,138.816582,1738.49,ACTIVE
SAT04682,70.321268,-65.519984,8899.72,MAINTENANCE
SAT04683,-22.178919,128.171923,12356.26,ACTIVE
SAT04684,14.263342,64.042603,20420.13,MAINTENANCE
SAT04685,-85.022773,-142.996177,24431.15,MAINTENANCE
SAT04686,-33.92165,-168.934305,30287.41,INACTIVE
SAT04687,-52.657682,-170.902219,17573.24,ACTIVE
SAT04688,-28.501079,81.410984,15325.09,INACTIVE
SAT04689,31.149786,-153.406819,11541.77,ACTIVE
SAT04690,-6.855764,148.93588,31528.55,MAINTENANCE
SAT04691,25.362526,-6.345626,11036.25,INACTIVE
SAT04692,-1.179194,-173.21846,9999.13,ACTIVE
SAT04693,-39.640755,151.197839,32904.15,INACTIVE
SAT04694,-58.980195,90.641218,13653.33,ACTIVE
SAT04695,86.999955,-99.301879,6371.22,ACTIVE
SAT04696,11.305072,-154.623234,24508.39,ACTIVE
SAT04697,-20.985653,-42.190823,35554.26,INACTIVE
SAT04698,64.723588,89.580408,29868.73,MAINTENANCE
SAT04699,24.487671,-51.231556,2662.1,INACTIVE
SAT04700,-54.260303,151.814686,16105.34,MAINTENANCE
SAT04701,15.558254,89.91057,18866.48,INACTIVE
SAT04702,17.746664,-62.283678,18764.98,ACTIVE
SAT04703,-44.917118,-97.360726,13325.03,MAINTENANCE
SAT04704,-39.889206,-1.352924,24216.87,INACTIVE
SAT04705,-34.739244,-20.902736,32078.0,MAINTENANCE
SAT04706,82.93988,-75.356287,35639.34,MAINTENANCE
SAT04707,19.566643,27.039008,9625.12,INACTIVE
SAT04708,3.019061,70.848969,14426.21,INACTIVE
SAT04709,10.68699,139.310238,28236.22,INACTIVE
SAT04710,87.898161,-95.847258,34012.38,INACTIVE
SAT04711,-6.39439,112.806794,15738.35,ACTIVE
SAT04712,-43.595921,-107.795827,16470.55,INACTIVE
SAT04713,-46.804625,92.190528,21300.6,INACTIVE
SAT04714,46.790287,-131.220285,26980.14,INACTIVE
SAT04715,31.137718,-107.510764,34046.13,ACTIVE
SAT04716,-31.784722,-115.15935,8255.9,MAINTENANCE
SAT04717,-1.718339,131.761302,14300.31,INACTIVE
SAT04718,46.049564,128.714551,24445.27,ACTIVE
SAT04719,-40.978983,-112.472275,8047.72,MAINTENANCE
SAT04720,61.12228,-47.105293,35000.19,MAINTENANCE
SAT04721,89.288785,-51.011971,13675.77,MAINTENANCE
SAT04722,-27.002035,-44.159272,24337.4,MAINTENANCE
SAT04723,-58.23221,-171.563751,21392.53,INACTIVE
SAT04724,59.166591,26.24197,14151.17,INACTIVE
SAT04725,-28.257558,-113.506285,28837.2,ACTIVE
SAT04726,85.235298,-28.442708,13796.98,INACTIVE
SAT04727,-14.665071,-135.905142,33208.02,INACTIVE
SAT04728,67.930785,68.800338,19111.75,INACTIVE
SAT04729,22.636214,139.38665,29251.75,ACTIVE
SAT04730,-21.242177,-118.386682,21833.84,INACTIVE
SAT04731,-62.073559,-1.167528,24506.77,INACTIVE
SAT04732,56.636456,49.290506,9092.24,MAINTENANCE
SAT04733,-11.677713,-123.460872,14956.28,INACTIVE
SAT04734,-31.760424,16.21734,12081.64,INACTIVE
SAT04735,-9.28373,-34.596789,25226.47,INACTIVE
SAT04736,-19.79807,122.992137,12553.06,MAINTENANCE
SAT04737,-59.424349,8.58469,23795.06,INACTIVE
SAT04738,-60.392186,-136.129488,19746.29,ACTIVE
SAT04739,-44.075593,-158.440255,24201.56,INACTIVE
SAT04740,62.658332,90.132776,20132.55,ACTIVE
SAT04741,58.020624,-13.140585,30622.3,ACTIVE
SAT04742,-23.766968,154.022285,12493.78,ACTIVE
SAT04743,17.214921,159.100382,30128.35,MAINTENANCE
SAT04744,-39.409312,87.482441,17547.12,INACTIVE
SAT04745,-54.638389,-136.10675,12193.47,INACTIVE
SAT04746,-18.186466,-103.479366,11038.54,ACTIVE
SAT04747,16.778344,3.118571,936.44,INACTIVE
SAT04748,7.694383,109.632731,20423.05,INACTIVE
SAT04749,27.322541,-11.931513,14870.92,INACTIVE
SAT04750,-30.696606,129.634933,16706.0,INACTIVE
SAT04751,-69.903081,120.627719,14981.79,INACTIVE
SAT04752,-26.300357,-32.746653,32241.44,MAINTENANCE
SAT04753,-66.316727,108.671601,21170.17,INACTIVE
SAT04754,-87.62972,141.691836,6725.29,ACTIVE
SAT04755,-58.344587,171.222043,14587.87,MAINTENANCE
SAT04756,46.091932,-147.1306,1123.96,ACTIVE
SAT04757,84.936624,-122.203226,33591.89,INACTIVE
SAT04758,-82.776016,-2.329981,19884.28,MAINTENANCE
SAT04759,-78.322105,-172.368935,2531.25,INACTIVE
SAT04760,80.288817,-55.207727,24062.43,INACTIVE
SAT04761,27.753231,46.687896,19365.23,MAINTENANCE
SAT04762,29.366764,-164.725117,4658.05,INACTIVE
SAT04763,-29.255228,-119.671034,34771.1,ACTIVE
SAT04764,-13.797602,-150.589323,4345.3,ACTIVE
SAT04765,-78.996739,-38.119945,1385.23,MAINTENANCE
SAT04766,85.674745,154.106812,26568.83,INACTIVE
SAT04767,47.408504,-6.275972,24275.6,INACTIVE
SAT04768,-48.480542,-174.549303,15800.47,ACTIVE
SAT04769,-70.850669,-2.87843,32919.97,INACTIVE
SAT04770,41.497657,38.160765,8031.85,MAINTENANCE
SAT04771,-83.500417,-53.746282,35846.56,ACTIVE
SAT04772,-2.60032,138.948101,32494.81,ACTIVE
SAT04773,-22.012821,8.228211,25544.88,INACTIVE
SAT04774,86.339209,-130.888434,18342.58,MAINTENANCE
SAT04775,-77.585034,-11.253646,33591.46,MAINTENANCE
SAT04776,-82.925322,-109.696373,3861.25,MAINTENANCE
SAT04777,-18.757669,-173.203133,33264.8,MAINTENANCE
SAT04778,46.837248,-163.153964,30595.05,INACTIVE
SAT04779,-26.527709,-19.35632,20773.8,MAINTENANCE
SAT04780,-37.96852,-137.872894,4518.05,MAINTENANCE
SAT04781,73.364106,-43.439065,7969.02,ACTIVE
SAT04782,81.677796,-77.980221,13540.9,MAINTENANCE
SAT04783,73.080387,82.649507,19242.15,ACTIVE
SAT04784,57.940572,11.201638,15518.41,MAINTENANCE
SAT04785,69.267239,126.867424,30498.27,INACTIVE
SAT04786,67.842144,-71.390349,31327.39,ACTIVE
SAT04787,-54.031173,-66.460246,18319.78,INACTIVE
SAT04788,-47.735677,-163.080996,14055.74,INACTIVE
SAT04789,-75.963363,19.802915,16316.7,ACTIVE
SAT04790,-60.167071,39.983415,17841.61,ACTIVE
SAT04791,86.874711,16.391192,26267.82,ACTIVE
SAT04792,-86.746641,-153.327849,29642.33,MAINTENANCE
SAT04793,49.579021,-98.597576,28826.92,MAINTENANCE
SAT04794,-26.978054,-166.379578,12035.45,MAINTENANCE
SAT04795,-11.22952,-69.451699,821.24,MAINTENANCE
SAT04796,11.43105,129.373378,20139.48,ACTIVE
SAT04797,34.82298,-50.045015,16618.03,MAINTENANCE
SAT04798,-13.762017,44.264522,16397.48,INACTIVE
SAT04799,14.328945,-21.13397,2865.48,MAINTENANCE
SAT04800,12.621342,58.620824,34556.94,ACTIVE
SAT04801,15.034858,-31.523793,3085.74,ACTIVE
SAT04802,15.385494,-154.691186,17630.03,MAINTENANCE
SAT04803,-18.707504,-39.990134,10217.14,MAINTENANCE
SAT04804,15.39193,-11.543985,30153.1,ACTIVE
SAT04805,-76.794714,-145.328447,8419.93,MAINTENANCE
SAT04806,52.74269,37.117578,22874.87,INACTIVE
SAT04807,62.0584,-150.111815,6099.4,ACTIVE
SAT04808,52.798098,130.105223,11190.29,MAINTENANCE
SAT04809,19.800857,-27.849167,8557.24,ACTIVE
SAT04810,62.133584,-115.687844,26520.89,ACTIVE
SAT04811,-63.738955,2.846435,31164.82,MAINTENANCE
SAT04812,14.067484,94.479779,35798.4,INACTIVE
SAT04813,82.470566,20.780235,7455.61,MAINTENANCE
SAT04814,10.04349,-44.534016,13145.21,ACTIVE
SAT04815,-26.010291,115.340179,12548.11,MAINTENANCE
SAT04816,61.00404,102.27165,25674.58,ACTIVE
SAT04817,-17.836407,152.075454,24242.91,MAINTENANCE
SAT04818,35.927878,164.292038,33264.93,INACTIVE
SAT04819,-59.770201,-142.024402,34712.65,ACTIVE
SAT04820,44.913203,50.514126,30899.6,MAINTENANCE
SAT04821,29.853304,167.560274,4657.16,INACTIVE
SAT04822,-3.214198,121.443803,2419.26,MAINTENANCE
SAT04823,-51.816191,-35.458689,10337.13,ACTIVE
SAT04824,-35.98011,174.320429,7749.02,MAINTENANCE
SAT04825,49.740512,50.077318,7327.77,MAINTENANCE
SAT04826,-22.668364,-116.502575,11606.35,MAINTENANCE
SAT04827,77.61337,-73.754009,12027.4,MAINTENANCE
SAT04828,4.06409,-169.690319,3376.71,ACTIVE
SAT04829,50.548539,139.283946,20295.47,INACTIVE
SAT04830,-38.472393,-3.328799,22624.55,INACTIVE
SAT04831,58.76354,33.352761,16579.08,ACTIVE
SAT04832,-31.52051,105.551267,33856.84,ACTIVE
SAT04833,-74.380931,-150.437204,34912.7,INACTIVE
SAT04834,8.122535,122.892128,6948.25,INACTIVE
SAT04835,-10.875971,14.151132,12343.18,ACTIVE
SAT04836,-76.251892,17.343786,18242.83,MAINTENANCE
SAT04837,-33.183087,33.329262,28706.26,INACTIVE
SAT04838,89.512616,-150.011544,35960.31,INACTIVE
SAT04839,4.430816,-147.5894,2369.74,INACTIVE
SAT04840,46.044369,-79.277081,14437.59,ACTIVE
SAT04841,11.116452,59.996538,25733.4,ACTIVE
SAT04842,-18.3114,112.944672,12635.34,INACTIVE
SAT04843,60.460171,45.049058,13172.74,MAINTENANCE
SAT04844,85.89644,123.996939,6551.51,ACTIVE
SAT04845,-18.789775,-64.560348,4773.2,ACTIVE
SAT04846,-75.989855,89.204859,17476.01,MAINTENANCE
SAT04847,84.959601,-158.735288,23453.04,INACTIVE
SAT04848,48.787423,107.97852,13275.21,INACTIVE
SAT04849,-75.576226,-88.986301,12886.76,ACTIVE
SAT04850,-67.622988,174.540031,5904.96,MAINTENANCE
SAT04851,-50.579038,130.594218,15481.12,INACTIVE
SAT04852,9.833121,-131.874235,9270.7,MAINTENANCE
SAT04853,29.024359,23.445866,28148.53,ACTIVE
SAT04854,-45.807016,0.525663,6228.27,MAINTENANCE
SAT04855,-70.560781,174.260471,31556.06,INACTIVE
SAT04856,-78.004562,-9.013682,35151.74,ACTIVE
SAT04857,-2.647895,123.543896,27885.29,MAINTENANCE
SAT04858,12.803876,-165.313541,2550.09,INACTIVE
SAT04859,39.959624,-86.15011,14281.66,ACTIVE
SAT04860,54.919479,175.107689,15388.11,ACTIVE
SAT04861,48.118298,3.168041,1293.06,MAINTENANCE
SAT04862,88.021607,-157.372446,7676.86,ACTIVE
SAT04863,2.45503,-85.35554,6811.77,INACTIVE
SAT04864,-76.80455,-169.775901,35025.35,MAINTENANCE
SAT04865,85.932946,-16.597571,1672.95,MAINTENANCE
SAT04866,-72.514433,-29.526669,11011.64,MAINTENANCE
SAT04867,5.55827,-2.512535,34891.24,INACTIVE
SAT04868,-71.458015,178.328724,30787.91,MAINTENANCE
SAT04869,-86.723092,-152.571632,34089.99,INACTIVE
SAT04870,-66.915791,-122.59156,8529.32,MAINTENANCE
SAT04871,-77.599474,165.740971,12086.74,ACTIVE
SAT04872,18.854763,-61.354555,33750.68,INACTIVE
SAT04873,-21.769087,-25.368752,23513.47,MAINTENANCE
SAT04874,-72.98485,-165.328423,25723.09,ACTIVE
SAT04875,-32.945171,-61.495188,25686.47,ACTIVE
SAT04876,-73.24966,-147.59484,16006.86,MAINTENANCE
SAT04877,-2.733119,100.533689,18562.3,ACTIVE
SAT04878,75.85409,-159.664062,35339.88,MAINTENANCE
SAT04879,-79.8377,97.288114,5435.79,MAINTENANCE
SAT04880,13.697368,-65.728545,8125.82,ACTIVE
SAT04881,-77.462125,60.167526,782.92,INACTIVE
SAT04882,4.311911,85.832141,25324.85,ACTIVE
SAT04883,-49.581976,-63.491694,8699.26,MAINTENANCE
SAT04884,15.284636,34.102384,11255.91,INACTIVE
SAT04885,33.142647,29.727541,33807.66,ACTIVE
SAT04886,-69.851971,-116.446475,5915.79,INACTIVE
SAT04887,-71.232898,78.265916,13134.85,MAINTENANCE
SAT04888,-85.853404,-69.493873,22073.41,MAINTENANCE
SAT04889,21.437759,168.592579,22711.99,MAINTENANCE
SAT04890,9.9572,34.665556,21385.52,MAINTENANCE
SAT04891,-67.285728,5.611806,12807.15,MAINTENANCE
SAT04892,-12.448673,-62.63461,3983.04,ACTIVE
SAT04893,-28.461919,164.43915,31860.83,ACTIVE
SAT04894,-18.310574,117.93139,29527.55,MAINTENANCE
SAT04895,15.901045,-71.045921,28766.17,INACTIVE
SAT04896,26.03255,-103.875231,35152.8,ACTIVE
SAT04897,63.280769,65.181064,3117.42,INACTIVE
SAT04898,52.456367,109.395497,33854.7,ACTIVE
SAT04899,-16.61074,132.265125,23288.98,ACTIVE
SAT04900,75.468573,-125.686416,26496.88,MAINTENANCE
SAT04901,-17.089347,140.750439,26521.11,ACTIVE
SAT04902,-78.510614,-144.056837,3009.77,MAINTENANCE
SAT04903,7.613318,-88.413908,1840.74,MAINTENANCE
SAT04904,80.961794,-160.196629,18645.82,MAINTENANCE
SAT04905,-77.429298,-0.99427,1422.89,INACTIVE
SAT04906,51.128162,141.47947,8376.65,MAINTENANCE
SAT04907,27.298189,-141.290506,33126.48,ACTIVE
SAT04908,49.288766,-78.828212,10917.23,INACTIVE
SAT04909,-44.615449,143.524191,13884.9,ACTIVE
SAT04910,-21.321035,123.383331,20899.99,ACTIVE
SAT04911,-21.195511,-174.139609,3603.37,INACTIVE
SAT04912,35.129,13.824483,3013.97,INACTIVE
SAT04913,86.678538,63.264818,29101.91,ACTIVE
SAT04914,-8.420054,-70.651642,26122.43,ACTIVE
SAT04915,-4.526288,-85.756588,23968.67,ACTIVE
SAT04916,-85.855718,158.146273,12426.78,MAINTENANCE
SAT04917,-63.768542,-42.492961,21907.5,MAINTENANCE
SAT04918,-49.663089,116.577945,841.84,ACTIVE
SAT04919,56.632298,66.186965,29818.08,MAINTENANCE
SAT04920,-65.934958,-34.791534,34413.13,INACTIVE
SAT04921,-32.791582,122.543853,15871.98,INACTIVE
SAT04922,32.515654,11.265451,6137.61,MAINTENANCE
SAT04923,-16.951051,39.213338,21285.46,ACTIVE
SAT04924,61.741746,149.737767,6788.29,MAINTENANCE
SAT04925,-29.661081,81.628506,21102.51,MAINTENANCE
SAT04926,-45.566768,119.806474,3788.36,INACTIVE
SAT04927,-62.915438,38.996456,29825.95,ACTIVE
SAT04928,41.453789,-34.365726,3646.85,ACTIVE
SAT04929,4.608622,5.386635,16332.57,MAINTENANCE
SAT04930,30.602478,169.48276,25874.07,ACTIVE
SAT04931,73.736736,14.745505,9193.35,MAINTENANCE
SAT04932,-30.158029,-164.932616,2674.92,MAINTENANCE
SAT04933,88.849539,-113.337284,24198.75,ACTIVE
SAT04934,-85.57829,114.004726,35058.52,INACTIVE
SAT04935,-38.999783,166.749585,35610.73,ACTIVE
SAT04936,-31.410561,-66.751632,35463.91,ACTIVE
SAT04937,-88.494327,81.804881,31012.73,ACTIVE
SAT04938,-65.69981,-113.26793,34438.05,INACTIVE
SAT04939,-32.043642,-41.552534,3956.73,INACTIVE
SAT04940,-29.137959,14.692557,17180.89,INACTIVE
SAT04941,0.957862,90.196858,10065.13,ACTIVE
SAT04942,37.520942,132.232339,7843.85,INACTIVE
SAT04943,-12.388792,49.170507,9390.72,MAINTENANCE
SAT04944,11.32115,-136.289756,19729.84,ACTIVE
SAT04945,15.744093,-18.090512,12494.13,INACTIVE
SAT04946,32.711752,43.531518,15418.73,MAINTENANCE
SAT04947,-18.877691,-114.07201,27327.11,INACTIVE
SAT04948,85.403197,-23.931001,24223.45,INACTIVE
SAT04949,15.54604,-47.877318,33700.4,ACTIVE
SAT04950,73.489877,160.107087,3557.72,ACTIVE
SAT04951,22.48367,-55.789418,24624.05,ACTIVE
SAT04952,-21.719272,-3.086495,233.16,ACTIVE
SAT04953,-46.853991,-113.77823,9442.66,ACTIVE
SAT04954,33.230233,138.506853,22907.4,MAINTENANCE
SAT04955,73.065483,-51.14295,569.95,INACTIVE
SAT04956,62.76138,160.65745,33029.31,MAINTENANCE
SAT04957,-69.574145,156.959682,30824.38,ACTIVE
SAT04958,89.428965,19.74737,9627.69,MAINTENANCE
SAT04959,22.513123,118.661369,18319.39,ACTIVE
SAT04960,72.498672,-128.71546,5713.91,ACTIVE
SAT04961,34.713263,177.231445,15586.35,ACTIVE
SAT04962,41.184416,38.086013,27928.01,MAINTENANCE
SAT04963,-36.275284,-51.067271,15997.74,MAINTENANCE
SAT04964,-17.282907,-61.247592,22266.06,MAINTENANCE
SAT04965,-56.684786,58.047306,20553.17,INACTIVE
SAT04966,-0.315122,-69.83213,27459.59,INACTIVE
SAT04967,49.698893,-88.984828,10332.31,MAINTENANCE
SAT04968,3.255274,-113.098458,34030.36,ACTIVE
SAT04969,-8.194788,-90.301334,13034.72,ACTIVE
SAT04970,-21.936123,-56.090627,20299.18,ACTIVE
SAT04971,-59.049808,-36.960395,12182.52,INACTIVE
SAT04972,80.355978,-79.18349,30103.82,MAINTENANCE
SAT04973,80.959941,145.560646,24710.64,INACTIVE
SAT04974,-35.053351,6.137809,13830.22,INACTIVE
SAT04975,-82.891736,-178.946409,18188.23,INACTIVE
SAT04976,-57.727497,94.899568,4838.04,ACTIVE
SAT04977,-50.4128,138.59563,8166.67,INACTIVE
SAT04978,37.242815,160.314999,8396.94,ACTIVE
SAT04979,40.95134,144.618421,35940.46,MAINTENANCE
SAT04980,14.633224,142.005696,3477.88,INACTIVE
SAT04981,25.781814,76.584053,25931.54,INACTIVE
SAT04982,9.009042,27.552771,6435.48,MAINTENANCE
SAT04983,16.660668,-109.522796,35749.9,ACTIVE
SAT04984,-25.359218,-155.268223,7311.77,ACTIVE
SAT04985,-88.30493,-171.20135,2505.17,ACTIVE
SAT04986,-17.037239,104.524891,1580.26,MAINTENANCE
SAT04987,48.132106,170.451881,19420.09,INACTIVE
SAT04988,-29.838515,114.043716,24392.82,ACTIVE
SAT04989,32.235988,-175.417535,23554.35,MAINTENANCE
SAT04990,-1.073746,-27.494585,3894.11,ACTIVE
SAT04991,-22.061188,121.126911,9815.94,MAINTENANCE
SAT04992,-75.28108,-14.216253,25031.5,INACTIVE
SAT04993,-13.503679,87.808542,24161.22,MAINTENANCE
SAT04994,-71.847639,178.8338,27042.34,MAINTENANCE
SAT04995,-34.406391,-84.820854,1133.08,INACTIVE
SAT04996,75.047575,173.069045,12246.48,MAINTENANCE
SAT04997,83.364528,98.868041,4156.98,ACTIVE
SAT04998,45.536023,84.727736,971.38,ACTIVE
SAT04999,-67.371851,133.027655,32267.92,INACTIVE
SAT05000,-24.132828,-54.613963,24649.39,ACTIVE
SAT05001,69.680875,119.545145,6817.62,INACTIVE
SAT05002,13.967382,-120.924765,17181.33,INACTIVE
SAT05003,-49.198152,57.484067,32126.46,ACTIVE
SAT05004,24.171154,177.606323,13493.32,ACTIVE
SAT05005,-68.908772,-139.625364,21180.38,INACTIVE
SAT05006,-22.327982,-94.107987,1030.38,INACTIVE
SAT05007,-2.156911,-157.137042,22819.35,ACTIVE
SAT05008,72.128173,-25.741617,28316.01,MAINTENANCE
SAT05009,12.992188,-41.56934,31473.2,MAINTENANCE
SAT05010,-73.301945,24.682698,2815.44,INACTIVE
SAT05011,-66.51104,128.460389,1591.87,MAINTENANCE
SAT05012,-76.824583,-138.815667,7096.15,MAINTENANCE
SAT05013,74.239686,-103.384844,9980.35,ACTIVE
SAT05014,78.763882,-159.018121,28084.71,ACTIVE
SAT05015,-54.229594,-90.875422,30516.02,ACTIVE
SAT05016,35.295035,-161.020167,22531.55,INACTIVE
SAT05017,89.21476,-141.187975,7332.35,INACTIVE
SAT05018,-66.053415,-5.492405,26365.37,ACTIVE
SAT05019,42.823983,-133.705641,9587.09,ACTIVE
SAT05020,6.206704,176.970582,30755.07,MAINTENANCE
SAT05021,87.92802,-90.684517,21891.1,ACTIVE
SAT05022,54.096007,84.136715,10084.39,MAINTENANCE
SAT05023,88.476871,111.704762,28642.23,ACTIVE
SAT05024,2.743842,-6.172332,26144.28,ACTIVE
SAT05025,58.536051,-27.679161,9987.17,ACTIVE
SAT05026,52.368441,8.921875,16126.08,ACTIVE
SAT05027,29.444156,-159.064458,27332.4,MAINTENANCE
SAT05028,56.274129,-84.810886,22294.99,ACTIVE
SAT05029,31.595121,179.924546,29466.35,ACTIVE
SAT05030,-59.361026,132.773217,20347.85,INACTIVE
SAT05031,-82.351169,23.263179,6312.41,MAINTENANCE
SAT05032,70.461649,-82.952403,1047.07,INACTIVE
SAT05033,30.299644,-150.846174,24953.78,MAINTENANCE
SAT05034,19.570486,115.70425,18464.06,ACTIVE
SAT05035,58.544033,-130.590737,23882.72,ACTIVE
SAT05036,42.209187,-113.010824,25879.2,ACTIVE
SAT05037,67.367406,-48.617792,2179.21,ACTIVE
SAT05038,55.631769,-135.530714,11794.26,MAINTENANCE
SAT05039,55.742591,154.473283,26825.08,MAINTENANCE
SAT05040,56.201368,-172.334143,35880.99,MAINTENANCE
SAT05041,82.162667,-124.438146,25581.14,ACTIVE
SAT05042,41.826498,-111.575722,25023.2,INACTIVE
SAT05043,2.954655,107.756584,25947.97,INACTIVE
SAT05044,63.995376,19.705221,31526.18,INACTIVE
SAT05045,-1.191301,-90.427672,35855.58,ACTIVE
SAT05046,23.47076,147.775932,28343.61,ACTIVE
SAT05047,-2.141572,47.931877,15083.36,ACTIVE
SAT05048,86.978324,76.943296,13307.84,ACTIVE
SAT05049,85.814891,-167.545683,2363.36,MAINTENANCE
SAT05050,71.308995,11.960634,34671.61,ACTIVE
SAT05051,18.036769,-123.153983,646.78,MAINTENANCE
SAT05052,-49.443422,-35.973385,30821.65,INACTIVE
SAT05053,1.18952,-28.499958,8257.5,INACTIVE
SAT05054,39.813858,-126.238614,21071.55,MAINTENANCE
SAT05055,-36.527303,-22.875449,33483.97,ACTIVE
SAT05056,-22.544698,-54.909073,26072.93,INACTIVE
SAT05057,0.65762,-50.887042,10940.36,INACTIVE
SAT05058,-28.005272,21.231178,21170.91,ACTIVE
SAT05059,-31.308553,-60.498391,17231.43,INACTIVE
SAT05060,89.684792,-106.472441,35651.4,ACTIVE
SAT05061,18.354913,73.704425,32331.64,ACTIVE
SAT05062,-1.748589,-86.456402,3958.2,INACTIVE
SAT05063,8.984738,-172.560905,3732.34,ACTIVE
SAT05064,71.044502,164.661281,27970.03,INACTIVE
SAT05065,-79.872371,84.745163,33112.75,MAINTENANCE
SAT05066,-50.532193,143.539152,13926.71,ACTIVE
SAT05067,-13.850691,98.37215,2678.19,INACTIVE
SAT05068,-68.168921,113.067681,14365.77,INACTIVE
SAT05069,-32.018133,84.378771,10563.49,INACTIVE
SAT05070,-43.501886,-79.679521,21394.22,MAINTENANCE
SAT05071,67.046357,142.236425,800.53,INACTIVE
SAT05072,83.194881,71.270015,22150.42,INACTIVE
SAT05073,63.235882,-106.013533,24778.59,INACTIVE
SAT05074,-23.142085,-33.159117,33776.65,INACTIVE
SAT05075,77.510599,-92.893024,30900.89,INACTIVE
SAT05076,-17.583538,3.540824,31147.65,MAINTENANCE
SAT05077,-31.180001,115.939573,16771.39,ACTIVE
SAT05078,-73.191403,-148.523114,12604.93,ACTIVE
SAT05079,50.116524,-167.26126,34070.59,ACTIVE
SAT05080,-56.687671,-165.373297,2334.0,MAINTENANCE
SAT05081,72.54053,23.003244,14926.14,INACTIVE
SAT05082,8.609017,-114.627743,15717.43,MAINTENANCE
SAT05083,87.547508,90.057893,15458.24,INACTIVE
SAT05084,-19.284069,-134.02342,33158.93,MAINTENANCE
SAT05085,-65.184415,-41.408254,2672.58,ACTIVE
SAT05086,52.277218,153.419997,22323.41,ACTIVE
SAT05087,-69.618395,73.629537,29160.3,INACTIVE
SAT05088,24.993151,-51.664126,31529.43,ACTIVE
SAT05089,-76.199215,145.780433,14502.47,INACTIVE
SAT05090,40.948308,101.582048,21507.28,ACTIVE
SAT05091,-64.33398,40.912402,22517.09,INACTIVE
SAT05092,-56.859679,-162.131101,13524.56,MAINTENANCE
SAT05093,64.748309,-8.174345,16632.08,MAINTENANCE
SAT05094,62.251625,-35.94974,9717.08,MAINTENANCE
SAT05095,-86.716846,51.046052,24832.69,INACTIVE
SAT05096,-6.532944,-149.201676,15580.87,ACTIVE
SAT05097,-52.963244,158.740593,19038.89,MAINTENANCE
SAT05098,77.780217,-171.552795,7255.18,ACTIVE
SAT05099,53.953442,27.059621,21669.87,INACTIVE
SAT05100,-41.327087,63.145812,11488.66,MAINTENANCE
SAT05101,1.126495,-139.095557,21514.61,INACTIVE
SAT05102,34.225875,-157.983285,5676.88,MAINTENANCE
SAT05103,46.92274,38.293335,13881.34,MAINTENANCE
SAT05104,26.659243,-109.313934,9576.17,INACTIVE
SAT05105,-74.622398,27.301011,26743.15,INACTIVE
SAT05106,22.567397,-170.728305,5360.02,ACTIVE
SAT05107,40.200343,45.715399,31183.47,ACTIVE
SAT05108,-44.93639,-52.59248,34043.33,ACTIVE
SAT05109,0.240341,55.894993,13879.46,MAINTENANCE
SAT05110,39.58318,71.710503,32700.39,MAINTENANCE
SAT05111,77.391372,57.323476,24009.76,INACTIVE
SAT05112,64.158994,-135.24287,21441.41,ACTIVE
SAT05113,6.781694,-122.091022,9319.26,ACTIVE
SAT05114,1.755439,67.741324,5273.35,INACTIVE
SAT05115,16.905741,-80.685332,24438.17,INACTIVE
SAT05116,4.133418,153.386391,32731.54,INACTIVE
SAT05117,33.482125,88.492487,15874.34,MAINTENANCE
SAT05118,-24.429482,-131.533084,3400.36,INACTIVE
SAT05119,28.566139,-99.979587,25959.42,MAINTENANCE
SAT05120,40.855525,123.115656,5213.95,INACTIVE
SAT05121,-57.205195,-140.954017,2187.99,MAINTENANCE
SAT05122,10.743403,-141.644023,2691.77,INACTIVE
SAT05123,34.173018,19.340338,27072.87,INACTIVE
SAT05124,6.846939,75.756265,21929.85,MAINTENANCE
SAT05125,36.633969,150.184465,35266.91,MAINTENANCE
SAT05126,12.25513,-69.197781,18699.62,MAINTENANCE
SAT05127,9.160388,113.570873,32673.5,MAINTENANCE
SAT05128,8.286646,-77.812689,8957.58,MAINTENANCE
SAT05129,-53.557115,-60.515183,9151.33,INACTIVE
SAT05130,-83.668383,50.002536,18864.98,MAINTENANCE
SAT05131,-47.631718,90.597759,32888.06,MAINTENANCE
SAT05132,25.080706,-81.065384,27744.69,INACTIVE
SAT05133,35.754051,71.595559,1651.56,INACTIVE
SAT05134,-12.742888,174.50641,4592.98,INACTIVE
SAT05135,6.884394,139.642537,227.03,INACTIVE
SAT05136,-38.704789,-20.468738,32506.78,ACTIVE
SAT05137,-50.506824,-29.37699,23924.7,INACTIVE
SAT05138,67.83451,22.387854,6382.37,INACTIVE
SAT05139,54.444087,-163.432992,17768.83,ACTIVE
SAT05140,-76.093732,-53.549476,9374.91,ACTIVE
SAT05141,-30.207115,-81.523658,12595.6,MAINTENANCE
SAT05142,28.554536,-152.363262,1519.53,ACTIVE
SAT05143,34.690139,63.833962,1582.56,MAINTENANCE
SAT05144,50.441061,163.088766,22689.55,INACTIVE
SAT05145,-2.219736,163.044467,18770.64,ACTIVE
SAT05146,1.73728,30.468051,30857.66,ACTIVE
SAT05147,-26.308172,-60.120821,3298.95,INACTIVE
SAT05148,-42.136103,18.350345,23985.33,ACTIVE
SAT05149,-73.753855,132.887129,7953.6,MAINTENANCE
SAT05150,81.89433,34.048302,35552.17,ACTIVE
SAT05151,81.033178,-135.00809,21546.21,INACTIVE
SAT05152,-68.437652,-52.909383,11198.34,ACTIVE
SAT05153,66.208499,170.907098,4170.65,ACTIVE
SAT05154,50.167352,62.163661,21671.8,ACTIVE
SAT05155,36.563573,-3.451843,6221.22,MAINTENANCE
SAT05156,-77.16343,78.936694,4072.66,MAINTENANCE
SAT05157,78.777376,-114.130363,28225.75,ACTIVE
SAT05158,70.234901,-156.531751,10629.85,MAINTENANCE
SAT05159,-57.912097,57.030817,8005.31,MAINTENANCE
SAT05160,37.107772,120.005188,25891.58,MAINTENANCE
SAT05161,42.042148,-16.325063,17185.37,INACTIVE
SAT05162,-76.14589,63.802455,7800.95,MAINTENANCE
SAT05163,42.793296,-11.57208,31451.03,INACTIVE
SAT05164,-49.608203,141.334944,33244.22,INACTIVE
SAT05165,-29.556749,-155.855373,22199.21,ACTIVE
SAT05166,15.415819,-82.561199,10853.93,ACTIVE
SAT05167,52.510088,-14.166775,24705.73,ACTIVE
SAT05168,5.606981,-2.819212,34864.92,INACTIVE
SAT05169,-0.663744,-94.796571,4912.81,INACTIVE
SAT05170,14.6598,-15.776841,13901.47,INACTIVE
SAT05171,-22.804155,139.741525,11693.0,ACTIVE
SAT05172,59.532383,-85.902739,23244.23,MAINTENANCE
SAT05173,-22.010305,-8.507232,28461.88,INACTIVE
SAT05174,-81.667795,-36.171866,9822.98,INACTIVE
SAT05175,47.241461,-146.814598,24447.09,MAINTENANCE
SAT05176,12.14391,111.436544,32938.5,MAINTENANCE
SAT05177,-42.102928,-113.46328,29293.72,MAINTENANCE
SAT05178,21.353008,-28.889954,6137.13,ACTIVE
SAT05179,-51.906573,103.979349,1426.54,ACTIVE
SAT05180,4.306057,58.861935,15616.17,INACTIVE
SAT05181,52.367366,-90.45523,5221.48,INACTIVE
SAT05182,-5.512759,-61.39063,35126.96,ACTIVE
SAT05183,22.577317,35.133115,34461.96,ACTIVE
SAT05184,38.39798,-104.448503,25252.23,MAINTENANCE
SAT05185,38.974118,-132.467238,7366.54,ACTIVE
SAT05186,30.473055,76.873507,4634.57,MAINTENANCE
SAT05187,29.393449,-52.243145,1804.8,MAINTENANCE
SAT05188,-13.388727,87.608611,8734.46,ACTIVE
SAT05189,24.739752,-120.885295,2712.49,INACTIVE
SAT05190,77.751661,7.888949,27560.18,ACTIVE
SAT05191,60.293644,-122.121433,20278.87,ACTIVE
SAT05192,-68.973149,-168.338234,3512.2,ACTIVE
SAT05193,-67.315692,75.692208,2608.01,MAINTENANCE
SAT05194,76.190969,160.933953,35413.39,MAINTENANCE
SAT05195,-32.686594,68.05512,1221.57,ACTIVE
SAT05196,-46.733243,55.479755,21935.11,ACTIVE
SAT05197,-73.634005,75.17904,28372.83,MAINTENANCE
SAT05198,68.547745,50.892493,2343.44,INACTIVE
SAT05199,15.588817,25.087179,20516.04,INACTIVE
SAT05200,74.12032,61.914878,14784.13,INACTIVE
SAT05201,-73.121632,-105.693322,19762.68,INACTIVE
SAT05202,-86.974211,-75.472901,11636.06,MAINTENANCE
SAT05203,-19.073644,-145.449712,26343.2,MAINTENANCE
SAT05204,78.797765,-173.241704,22693.22,ACTIVE
SAT05205,48.548231,175.466516,28382.6,ACTIVE
SAT05206,23.682918,123.825615,6868.84,INACTIVE
SAT05207,84.679845,-126.897186,21264.93,INACTIVE
SAT05208,-89.143125,-146.549985,22957.51,MAINTENANCE
SAT05209,-48.109416,14.65208,13793.33,ACTIVE
SAT05210,-39.488198,11.255242,24821.65,MAINTENANCE
SAT05211,-69.454169,90.279782,35157.56,ACTIVE
SAT05212,-59.483541,30.143308,24020.16,ACTIVE
SAT05213,42.171283,175.315383,23341.01,ACTIVE
SAT05214,-77.014802,-15.558228,20100.33,INACTIVE
SAT05215,45.803202,-177.445307,33545.45,ACTIVE
SAT05216,13.931954,140.673383,33552.32,MAINTENANCE
SAT05217,70.279272,159.503706,22164.39,INACTIVE
SAT05218,-45.975629,-41.055158,16661.82,ACTIVE
SAT05219,80.667436,-73.576043,13966.88,MAINTENANCE
SAT05220,58.385778,-37.039487,34846.91,INACTIVE
SAT05221,-82.539821,-171.253104,18983.95,MAINTENANCE
SAT05222,-25.154911,116.30681,8620.49,INACTIVE
SAT05223,75.799847,-55.206407,35818.72,ACTIVE
SAT05224,1.996824,-27.898665,28622.42,MAINTENANCE
SAT05225,-8.512393,107.517725,6511.57,ACTIVE
SAT05226,-1.527629,-82.664171,20889.33,ACTIVE
SAT05227,-87.92951,141.156622,24454.28,ACTIVE
SAT05228,-46.579385,-97.909028,30051.01,MAINTENANCE
SAT05229,80.526949,-175.07881,10362.23,MAINTENANCE
SAT05230,-11.044589,148.751667,9007.47,MAINTENANCE
SAT05231,-40.362963,61.663653,21286.43,INACTIVE
SAT05232,-68.733485,161.347208,23139.13,MAINTENANCE
SAT05233,-11.714605,-115.070155,34269.79,MAINTENANCE
SAT05234,-68.850816,86.714556,13249.09,INACTIVE
SAT05235,-82.782578,68.517353,18267.06,MAINTENANCE
SAT05236,6.897592,-176.054796,28784.98,MAINTENANCE
SAT05237,-27.079155,-7.654771,16598.91,INACTIVE
SAT05238,-41.1154,79.098611,7891.93,INACTIVE
SAT05239,80.899224,-84.185801,21623.51,MAINTENANCE
SAT05240,-20.890039,-153.96271,27066.87,MAINTENANCE
SAT05241,58.647595,-63.964176,7806.64,ACTIVE
SAT05242,79.709958,-124.649778,20780.87,INACTIVE
SAT05243,-2.78429,31.454365,30383.64,ACTIVE
SAT05244,86.000369,125.634838,20437.89,MAINTENANCE
SAT05245,-59.421198,-133.157835,16222.23,INACTIVE
SAT05246,-88.285149,6.894403,2705.71,MAINTENANCE
SAT05247,-13.186768,77.753866,30454.82,ACTIVE
SAT05248,76.80224,-174.913033,7094.07,INACTIVE
SAT05249,19.588342,51.634165,13595.74,MAINTENANCE
SAT05250,-52.696696,107.136622,19061.77,ACTIVE
SAT05251,-89.823443,-24.512031,24130.08,MAINTENANCE
SAT05252,1.993666,-19.629995,27260.03,ACTIVE
SAT05253,-57.29713,51.424436,12008.06,INACTIVE
SAT05254,-46.331212,-178.13194,29437.28,MAINTENANCE
SAT05255,72.874798,-2.394826,17328.38,MAINTENANCE
SAT05256,75.706848,171.044956,6131.98,ACTIVE
SAT05257,-56.764479,-113.913922,32832.81,INACTIVE
SAT05258,31.77239,71.427117,34534.25,MAINTENANCE
SAT05259,-39.046308,-59.640196,23750.34,INACTIVE
SAT05260,-46.600267,-178.584704,14837.08,INACTIVE
SAT05261,-12.903128,135.158465,21648.82,INACTIVE
SAT05262,10.794474,-43.015,17616.41,ACTIVE
SAT05263,52.806851,-117.147301,12562.36,MAINTENANCE
SAT05264,-32.644676,26.304697,9698.7,MAINTENANCE
SAT05265,86.587665,4.760348,11039.48,INACTIVE
SAT05266,-27.179632,-48.903616,3323.63,MAINTENANCE
SAT05267,-63.308342,3.596759,19973.12,INACTIVE
SAT05268,11.3962,-102.202908,30328.83,ACTIVE
SAT05269,-20.091218,-86.055432,3014.0,ACTIVE
SAT05270,13.92256,-178.669163,20445.55,INACTIVE
SAT05271,-5.159275,-47.056328,33182.7,MAINTENANCE
SAT05272,-56.775154,169.943108,20930.68,ACTIVE
SAT05273,-63.972812,-153.02032,24912.34,ACTIVE
SAT05274,-84.173876,30.531696,7869.03,MAINTENANCE
SAT05275,-18.255296,29.977681,5526.85,MAINTENANCE
SAT05276,-66.747299,125.500215,24021.53,MAINTENANCE
SAT05277,59.204585,-173.849161,10889.86,INACTIVE
SAT05278,-36.303889,-49.99003,11029.07,INACTIVE
SAT05279,-21.916964,24.901653,34579.19,MAINTENANCE
SAT05280,-62.126693,97.893827,10937.89,MAINTENANCE
SAT05281,-58.270958,96.728623,34880.97,MAINTENANCE
SAT05282,-4.01167,159.130927,25341.01,MAINTENANCE
SAT05283,-51.528986,117.168883,20139.55,MAINTENANCE
SAT05284,5.66462,-159.350958,24388.59,INACTIVE
SAT05285,84.750634,140.694493,28039.82,INACTIVE
SAT05286,50.261116,50.919238,23980.72,INACTIVE
SAT05287,37.832615,-68.177424,1309.71,MAINTENANCE
SAT05288,22.469849,-67.702652,10291.48,INACTIVE
SAT05289,63.464208,31.291575,35042.51,MAINTENANCE
SAT05290,-53.14212,-143.429163,9684.62,MAINTENANCE
SAT05291,79.644291,153.390794,17564.8,ACTIVE
SAT05292,-11.102746,-159.907312,254.68,ACTIVE
SAT05293,55.249431,71.156761,33650.14,MAINTENANCE
SAT05294,-23.549113,47.453329,11428.13,INACTIVE
SAT05295,15.833657,132.106938,9010.29,ACTIVE
SAT05296,-16.667102,-101.804958,17534.73,MAINTENANCE
SAT05297,60.025767,-1.486128,8114.95,MAINTENANCE
SAT05298,62.037339,10.956417,24898.97,ACTIVE
SAT05299,-3.537158,65.069884,14612.25,MAINTENANCE
SAT05300,54.684292,92.886983,25576.88,MAINTENANCE
SAT05301,0.846909,31.085994,6108.04,ACTIVE
SAT05302,-61.814423,76.931238,31081.43,MAINTENANCE
SAT05303,-8.808064,106.799776,18372.59,ACTIVE
SAT05304,-1.484228,172.90898,4279.79,INACTIVE
SAT05305,-21.600155,-95.768615,4657.45,INACTIVE
SAT05306,-46.766276,-111.427656,8152.34,INACTIVE
SAT05307,-27.136395,-88.918964,27323.42,ACTIVE
SAT05308,-67.509779,126.491972,14261.62,ACTIVE
SAT05309,70.39309,36.704728,946.27,MAINTENANCE
SAT05310,-22.858253,53.315876,29898.22,ACTIVE
SAT05311,-89.591149,16.419522,32559.74,MAINTENANCE
SAT05312,-46.260046,-92.755361,26169.34,MAINTENANCE
SAT05313,-58.073632,1.926255,35491.05,ACTIVE
SAT05314,65.527701,85.489244,723.06,INACTIVE
SAT05315,-48.931183,-12.999392,3524.96,MAINTENANCE
SAT05316,-40.885946,81.5399,28825.08,ACTIVE
SAT05317,-81.43316,-67.948313,12859.09,ACTIVE
SAT05318,17.805845,-3.766815,4436.63,INACTIVE
SAT05319,-87.408714,88.581804,31490.12,INACTIVE
SAT05320,-67.207763,91.877633,33210.95,ACTIVE
SAT05321,-42.868014,48.016556,2377.56,ACTIVE
SAT05322,87.09676,-131.747222,25691.05,ACTIVE
SAT05323,37.892495,-90.26986,16360.91,INACTIVE
SAT05324,-71.631634,-34.255613,19134.53,INACTIVE
SAT05325,9.992235,-41.142438,18272.02,ACTIVE
SAT05326,-0.724047,-100.837274,28162.32,INACTIVE
SAT05327,36.637203,-77.170563,25631.1,INACTIVE
SAT05328,32.767288,-113.501744,15209.4,MAINTENANCE
SAT05329,36.093964,-129.62059,23753.36,MAINTENANCE
SAT05330,10.964045,52.253741,3148.57,INACTIVE
SAT05331,-82.687225,146.148478,10560.33,MAINTENANCE
SAT05332,69.819016,-104.162496,33902.43,MAINTENANCE
SAT05333,-63.834008,93.958825,3784.93,INACTIVE
SAT05334,54.258021,-75.933954,1993.38,ACTIVE
SAT05335,81.406384,96.043395,17621.47,INACTIVE
SAT05336,-62.269884,-88.569313,34360.46,INACTIVE
SAT05337,-1.537117,48.037009,1960.38,INACTIVE
SAT05338,-88.864126,-169.502944,16518.8,INACTIVE
SAT05339,-51.937029,-30.515668,25720.29,ACTIVE
SAT05340,-46.240704,103.522717,17372.5,MAINTENANCE
SAT05341,-28.52048,89.915533,15010.51,MAINTENANCE
SAT05342,17.142089,-165.941543,4459.99,ACTIVE
SAT05343,-59.182606,-9.517904,31560.84,INACTIVE
SAT05344,-24.471577,-127.779979,7574.68,INACTIVE
SAT05345,-82.48937,-37.556013,16700.13,ACTIVE
SAT05346,9.548824,24.155916,1575.95,MAINTENANCE
SAT05347,66.887033,-91.576779,4620.83,INACTIVE
SAT05348,-49.023562,63.832816,23340.99,INACTIVE
SAT05349,-79.642921,108.272753,2123.56,INACTIVE
SAT05350,-68.905287,59.99663,1191.93,MAINTENANCE
SAT05351,13.864758,-93.841394,9229.36,INACTIVE
SAT05352,-54.891406,14.778799,21419.18,ACTIVE
SAT05353,-62.749265,-93.579143,12415.72,INACTIVE
SAT05354,-56.078475,150.009792,8170.38,INACTIVE
SAT05355,-85.343219,112.032116,30692.31,INACTIVE
SAT05356,-85.538918,55.112505,11288.92,ACTIVE
SAT05357,-9.772052,60.754185,798.78,INACTIVE
SAT05358,-16.333329,-26.399628,30016.01,MAINTENANCE
SAT05359,22.478716,35.087201,25310.28,INACTIVE
SAT05360,54.622945,-62.693658,21042.95,INACTIVE
SAT05361,55.006381,119.90601,26576.84,INACTIVE
SAT05362,64.520415,-31.925465,19649.49,INACTIVE
SAT05363,-78.346628,-18.166154,29006.82,MAINTENANCE
SAT05364,-88.540493,31.041516,17134.62,ACTIVE
SAT05365,-49.38649,13.689541,29908.32,ACTIVE
SAT05366,-65.396827,-73.895385,35329.96,MAINTENANCE
SAT05367,-17.324253,128.039803,12962.09,MAINTENANCE
SAT05368,16.458741,60.171603,13978.84,MAINTENANCE
SAT05369,58.402079,-40.704151,26477.24,MAINTENANCE
SAT05370,-46.849437,-38.854666,11242.97,INACTIVE
SAT05371,77.411336,171.37124,10636.47,MAINTENANCE
SAT05372,-48.007462,-19.097995,31919.67,INACTIVE
SAT05373,88.365783,104.039406,27671.83,ACTIVE
SAT05374,47.648861,108.877069,28588.41,INACTIVE
SAT05375,-59.188265,158.976452,2248.93,ACTIVE
SAT05376,20.621583,106.000816,17805.07,MAINTENANCE
SAT05377,57.584945,-9.099659,6574.77,ACTIVE
SAT05378,54.247364,-59.87941,18575.41,INACTIVE
SAT05379,-48.073084,53.55962,34735.93,MAINTENANCE
SAT05380,-84.266577,-2.869324,20370.37,ACTIVE
SAT05381,12.43117,117.557336,9759.04,INACTIVE
SAT05382,67.946078,-153.242162,17227.98,INACTIVE
SAT05383,51.10457,-114.031063,382.57,ACTIVE
SAT05384,73.189104,161.489169,7868.89,MAINTENANCE
SAT05385,-22.743271,-11.247313,35689.75,MAINTENANCE
SAT05386,53.160795,-72.824134,1587.81,INACTIVE
SAT05387,51.64091,-1.840059,10977.66,INACTIVE
SAT05388,53.70754,-87.07483,35706.7,INACTIVE
SAT05389,-71.387513,136.265201,25669.85,INACTIVE
SAT05390,-79.472612,76.864623,27546.95,MAINTENANCE
SAT05391,-25.019081,-126.283403,5546.81,MAINTENANCE
SAT05392,12.645504,80.467493,24242.95,INACTIVE
SAT05393,63.202889,169.544763,34598.2,INACTIVE
SAT05394,81.965492,83.846049,12635.7,ACTIVE
SAT05395,52.655091,149.223847,7667.43,INACTIVE
SAT05396,39.365642,125.153484,17932.84,INACTIVE
SAT05397,6.269805,-85.850738,30303.88,INACTIVE
SAT05398,26.164668,-67.672223,2262.84,MAINTENANCE
SAT05399,-63.733446,-34.937528,20563.07,ACTIVE
SAT05400,-84.215952,157.499936,24206.84,MAINTENANCE
SAT05401,-65.855678,126.367348,25942.51,MAINTENANCE
SAT05402,53.875181,150.651836,5355.65,MAINTENANCE
SAT05403,-26.262007,-52.408707,16869.7,MAINTENANCE
SAT05404,43.40761,-146.891511,17868.91,ACTIVE
SAT05405,40.976921,151.752754,12279.76,ACTIVE
SAT05406,77.511833,141.282567,18152.97,MAINTENANCE
SAT05407,24.199757,-48.748664,15699.28,MAINTENANCE
SAT05408,-28.703979,24.320706,23572.14,ACTIVE
SAT05409,-4.013183,13.677138,11860.08,ACTIVE
SAT05410,-59.554923,7.866463,6532.94,ACTIVE
SAT05411,-55.397788,-15.241758,6351.26,ACTIVE
SAT05412,-50.66158,-163.15555,16518.83,INACTIVE
SAT05413,44.361812,-146.880019,28082.85,INACTIVE
SAT05414,53.782627,-23.451049,33405.33,INACTIVE
SAT05415,21.393728,-8.080722,19554.44,MAINTENANCE
SAT05416,-5.529949,17.437135,1307.69,MAINTENANCE
SAT05417,12.598065,17.526043,14407.72,INACTIVE
SAT05418,-4.091207,-126.339276,8729.34,INACTIVE
SAT05419,24.455481,-94.510608,13740.89,MAINTENANCE
SAT05420,38.478946,120.088815,27773.48,MAINTENANCE
SAT05421,12.25033,-78.721285,25271.02,MAINTENANCE
SAT05422,80.312745,-95.156282,1877.03,INACTIVE
SAT05423,85.667211,159.640065,21500.62,ACTIVE
SAT05424,46.834688,132.720179,11871.1,ACTIVE
SAT05425,-70.006346,-178.953383,29619.34,ACTIVE
SAT05426,-25.224929,-116.001837,10182.94,MAINTENANCE
SAT05427,-7.316623,-136.436908,264.09,MAINTENANCE
SAT05428,23.364262,100.507958,17038.49,INACTIVE
SAT05429,89.988303,-78.055403,19489.92,MAINTENANCE
SAT05430,29.057962,-128.662641,26322.75,INACTIVE
SAT05431,-22.981883,130.321486,4572.16,INACTIVE
SAT05432,-6.488094,58.402824,10525.52,MAINTENANCE
SAT05433,52.125637,122.558881,28707.37,INACTIVE
SAT05434,13.062901,160.972055,24183.99,MAINTENANCE
SAT05435,-88.613139,-71.695902,33065.99,MAINTENANCE
SAT05436,-73.25214,74.699452,5899.77,MAINTENANCE
SAT05437,46.014655,-176.940397,26937.26,ACTIVE
SAT05438,-36.557991,13.134357,32168.97,ACTIVE
SAT05439,67.22655,143.653442,17252.04,INACTIVE
SAT05440,-76.026223,100.191827,8018.54,ACTIVE
SAT05441,3.374867,-170.61947,11982.73,INACTIVE
SAT05442,36.201875,53.221794,23799.24,MAINTENANCE
SAT05443,-65.538574,136.434788,12165.58,ACTIVE
SAT05444,-78.573563,140.257833,17018.97,INACTIVE
SAT05445,-12.20997,55.8244,8921.25,MAINTENANCE
SAT05446,62.293659,142.459384,3826.4,ACTIVE
SAT05447,65.766139,58.251283,553.11,ACTIVE
SAT05448,-15.079201,-25.614431,15794.83,ACTIVE
SAT05449,16.731804,135.725378,30410.87,MAINTENANCE
SAT05450,-1.826412,-178.725014,32249.44,MAINTENANCE
SAT05451,80.606374,45.770458,31427.65,INACTIVE
SAT05452,72.352082,-132.663743,22187.6,INACTIVE
SAT05453,83.897479,46.480551,29721.95,MAINTENANCE
SAT05454,23.098657,-59.781878,17563.47,INACTIVE
SAT05455,-78.767629,-36.570613,21060.89,INACTIVE
SAT05456,80.17378,-56.370684,395.28,ACTIVE
SAT05457,-3.687182,3.484178,18454.1,ACTIVE
SAT05458,-49.528873,47.096242,10773.22,INACTIVE
SAT05459,15.910529,-174.134319,25951.82,INACTIVE
SAT05460,75.825304,175.337406,14183.5,ACTIVE
SAT05461,84.482218,-76.196166,26121.77,INACTIVE
SAT05462,64.751309,160.007552,19574.96,MAINTENANCE
SAT05463,-77.386531,3.77851,27561.82,INACTIVE
SAT05464,-76.926331,-141.919207,25755.43,INACTIVE
SAT05465,25.693914,162.544958,24411.81,ACTIVE
SAT05466,66.59141,99.346892,23301.71,INACTIVE
SAT05467,-38.84643,-111.629073,15034.61,MAINTENANCE
SAT05468,-31.998394,128.825621,3029.57,INACTIVE
SAT05469,-58.11962,78.9741,22684.69,MAINTENANCE
SAT05470,-26.011547,-110.756173,20029.7,ACTIVE
SAT05471,87.756381,155.753612,6290.99,INACTIVE
SAT05472,72.632997,156.212707,28726.97,ACTIVE
SAT05473,-44.527499,15.998814,13585.9,ACTIVE
SAT05474,-49.56211,-95.386116,2690.22,ACTIVE
SAT05475,5.466285,-52.986208,1508.98,ACTIVE
SAT05476,16.258825,118.120933,8140.87,INACTIVE
SAT05477,-38.565514,18.566862,9587.89,ACTIVE
SAT05478,-16.78122,-32.116057,29409.76,ACTIVE
SAT05479,73.894771,7.270884,14197.61,MAINTENANCE
SAT05480,46.339235,131.648038,29777.48,INACTIVE
SAT05481,-56.352031,108.731381,32144.91,ACTIVE
SAT05482,-52.655099,60.347163,16717.3,MAINTENANCE
SAT05483,-65.812478,39.385112,18766.03,MAINTENANCE
SAT05484,80.792933,7.937631,27826.27,INACTIVE
SAT05485,-25.15475,-138.625847,12423.54,MAINTENANCE
SAT05486,76.46081,95.051889,21385.93,ACTIVE
SAT05487,-55.980966,55.799448,5667.89,MAINTENANCE
SAT05488,-15.011653,-163.137793,303.5,ACTIVE
SAT05489,32.256973,-170.226416,12672.34,MAINTENANCE
SAT05490,0.144041,82.751275,7293.96,INACTIVE
SAT05491,-7.309147,171.418825,15976.07,ACTIVE
SAT05492,6.220415,46.07009,13242.97,MAINTENANCE
SAT05493,-28.695357,-171.059366,12893.88,ACTIVE
SAT05494,-66.446637,147.757462,25042.37,INACTIVE
SAT05495,55.895851,88.421442,31436.02,INACTIVE
SAT05496,9.523291,-71.555794,8535.0,ACTIVE
SAT05497,-67.371883,39.461401,12678.91,MAINTENANCE
SAT05498,-27.716588,-95.220651,5348.69,INACTIVE
SAT05499,-74.614954,128.501098,24252.68,MAINTENANCE
SAT05500,79.052804,98.626614,9012.21,INACTIVE
SAT05501,28.649296,-78.240067,33107.39,INACTIVE
SAT05502,37.383585,137.789307,5778.76,INACTIVE
SAT05503,-22.642481,171.530365,11772.8,INACTIVE
SAT05504,-21.361381,-172.640841,15732.96,ACTIVE
SAT05505,-26.954566,-90.961277,6884.58,INACTIVE
SAT05506,14.835216,-159.614516,12584.8,MAINTENANCE
SAT05507,-46.801246,-121.834361,9371.13,MAINTENANCE
SAT05508,-81.180998,142.275521,20841.75,ACTIVE
SAT05509,-68.403843,-6.749792,16722.33,INACTIVE
SAT05510,31.015077,47.685162,9969.59,MAINTENANCE
SAT05511,-30.013568,77.989871,28356.31,MAINTENANCE
SAT05512,-76.343552,174.550971,31716.05,ACTIVE
SAT05513,25.965436,-67.061316,32612.76,ACTIVE
SAT05514,25.626425,-124.76281,21683.34,MAINTENANCE
SAT05515,9.264053,64.034476,16459.44,ACTIVE
SAT05516,-83.92599,-111.382272,23292.47,INACTIVE
SAT05517,68.335501,-47.901974,6183.4,ACTIVE
SAT05518,-74.938481,-124.810152,6690.07,ACTIVE
SAT05519,46.395048,-130.88312,29167.84,INACTIVE
SAT05520,54.595513,-58.870841,22558.0,INACTIVE
SAT05521,70.236216,-101.576363,17246.9,INACTIVE
SAT05522,1.419322,-112.511137,35012.21,INACTIVE
SAT05523,68.448621,48.61236,19207.09,INACTIVE
SAT05524,6.530747,-16.500107,35091.24,MAINTENANCE
SAT05525,-36.260432,-116.919286,30433.43,INACTIVE
SAT05526,-58.159947,-42.844634,32147.89,INACTIVE
SAT05527,72.100707,55.375152,20573.95,MAINTENANCE
SAT05528,-7.741195,80.390543,15478.66,ACTIVE
SAT05529,56.726196,168.433834,23177.89,INACTIVE
SAT05530,65.120006,20.202468,16627.17,INACTIVE
SAT05531,16.867606,-114.735348,34496.7,MAINTENANCE
SAT05532,-1.507698,-32.924092,6615.21,INACTIVE
SAT05533,-43.927057,59.751742,26161.73,ACTIVE
SAT05534,-12.625278,-26.362125,4672.95,ACTIVE
SAT05535,5.217855,156.203759,27139.64,INACTIVE
SAT05536,81.591857,16.283074,12837.73,ACTIVE
SAT05537,58.770025,-134.796928,16852.89,MAINTENANCE
SAT05538,-71.983369,73.227308,33849.6,INACTIVE
SAT05539,71.57792,165.453172,7824.31,INACTIVE
SAT05540,-75.997107,-152.749628,19181.26,ACTIVE
SAT05541,-27.27576,39.145562,24144.98,MAINTENANCE
SAT05542,26.647858,-87.093734,30970.25,MAINTENANCE
SAT05543,-87.3464,116.85832,11876.62,ACTIVE
SAT05544,3.429831,56.688955,10595.21,INACTIVE
SAT05545,84.361911,-27.173643,21056.64,ACTIVE
SAT05546,14.822717,101.179698,1734.72,INACTIVE
SAT05547,26.280122,-25.938727,3307.3,INACTIVE
SAT05548,-11.053818,141.040177,32655.47,INACTIVE
SAT05549,61.480987,25.249944,9287.76,INACTIVE
SAT05550,-72.247073,20.379703,5082.4,ACTIVE
SAT05551,24.575316,21.382308,15868.79,ACTIVE
SAT05552,74.478791,90.97703,4973.66,ACTIVE
SAT05553,39.700714,115.261479,14651.98,MAINTENANCE
SAT05554,46.592401,-130.294099,5624.39,ACTIVE
SAT05555,59.019799,-179.815592,21249.09,INACTIVE
SAT05556,74.457932,129.994029,20967.59,MAINTENANCE
SAT05557,82.771888,84.090674,11830.75,ACTIVE
SAT05558,88.866038,168.611188,16618.54,INACTIVE
SAT05559,-89.693717,42.281497,30660.87,MAINTENANCE
SAT05560,-81.070215,15.608978,19116.07,ACTIVE
SAT05561,-28.301113,-156.087808,636.35,ACTIVE
SAT05562,-73.521145,-173.967688,3524.76,ACTIVE
SAT05563,65.762995,66.843079,21615.02,INACTIVE
SAT05564,-65.641161,48.854684,13554.25,INACTIVE
SAT05565,36.787083,-127.97435,7375.36,ACTIVE
SAT05566,27.990514,120.630989,30120.47,MAINTENANCE
SAT05567,-62.02406,17.639241,14374.25,ACTIVE
SAT05568,-16.041614,-76.836298,2111.95,ACTIVE
SAT05569,71.540436,7.563049,27900.41,ACTIVE
SAT05570,5.692142,83.613685,18007.45,INACTIVE
SAT05571,68.813874,-110.658974,34375.02,MAINTENANCE
SAT05572,23.695675,73.598977,23387.06,ACTIVE
SAT05573,61.477912,-77.354323,21733.18,INACTIVE
SAT05574,-46.071814,112.175264,13365.47,ACTIVE
SAT05575,-43.788488,-32.695507,15329.29,INACTIVE
SAT05576,78.741885,74.199986,5091.02,ACTIVE
SAT05577,-4.914616,48.40603,6288.28,INACTIVE
SAT05578,80.839455,139.652414,30179.44,MAINTENANCE
SAT05579,-45.031183,70.880099,33843.96,ACTIVE
SAT05580,-78.944696,-101.109161,4896.22,ACTIVE
SAT05581,61.493745,167.88,902.65,ACTIVE
SAT05582,-35.468955,-84.49082,28742.94,MAINTENANCE
SAT05583,-56.215279,-118.572674,2991.89,INACTIVE
SAT05584,10.389308,149.739589,27198.9,MAINTENANCE
SAT05585,-49.566849,65.851746,4796.88,INACTIVE
SAT05586,-17.473788,-128.150193,33371.37,MAINTENANCE
SAT05587,-21.783613,87.050008,29760.21,MAINTENANCE
SAT05588,88.365688,-127.981922,15819.56,INACTIVE
SAT05589,39.250162,67.776175,1361.76,MAINTENANCE
SAT05590,-77.982615,7.97122,996.44,ACTIVE
SAT05591,34.544062,102.38035,31566.93,ACTIVE
SAT05592,24.295663,60.971525,6141.05,MAINTENANCE
SAT05593,-71.747123,74.793151,10919.04,MAINTENANCE
SAT05594,50.392031,-119.531199,4893.7,MAINTENANCE
SAT05595,-83.338099,3.059577,33142.8,MAINTENANCE
SAT05596,36.925034,75.171091,34578.43,INACTIVE
SAT05597,21.780056,51.703314,26213.56,ACTIVE
SAT05598,-84.228577,-49.861815,17521.3,MAINTENANCE
SAT05599,-40.244055,-116.324221,16989.02,INACTIVE
SAT05600,-19.584026,63.765952,34620.85,INACTIVE
SAT05601,-24.606236,-19.398794,31540.88,INACTIVE
SAT05602,78.771752,-25.873018,18818.32,ACTIVE
SAT05603,-63.391609,59.156996,10934.95,ACTIVE
SAT05604,34.126831,143.261087,12421.14,MAINTENANCE
SAT05605,48.407459,67.424769,304.11,ACTIVE
SAT05606,-44.059414,-148.892612,26312.63,INACTIVE
SAT05607,-56.306748,-72.635711,33596.79,INACTIVE
SAT05608,-41.224227,-150.913478,34490.94,ACTIVE
SAT05609,89.22108,172.614251,22389.27,INACTIVE
SAT05610,-18.374212,161.549464,21243.99,MAINTENANCE
SAT05611,88.461373,162.991653,24510.02,MAINTENANCE
SAT05612,75.524593,-76.506554,5210.34,ACTIVE
SAT05613,-19.218338,146.627239,22852.76,ACTIVE
SAT05614,-81.986773,-34.573255,5326.92,MAINTENANCE
SAT05615,26.740796,102.323978,26574.61,ACTIVE
SAT05616,-25.306604,-33.18274,24848.58,ACTIVE
SAT05617,13.108898,4.069532,8654.65,ACTIVE
SAT05618,29.24296,-8.462904,14034.74,ACTIVE
SAT05619,23.70173,-123.081432,6938.24,ACTIVE
SAT05620,-59.412065,-131.974098,30147.16,MAINTENANCE
SAT05621,-43.767744,-120.453502,15219.27,ACTIVE
SAT05622,-30.887906,166.061528,2313.26,ACTIVE
SAT05623,73.279323,-44.97436,2027.62,MAINTENANCE
SAT05624,-4.070313,174.613145,10959.35,ACTIVE
SAT05625,61.655933,122.858057,32277.32,INACTIVE
SAT05626,18.913096,91.890284,4614.43,INACTIVE
SAT05627,-1.565508,-150.560041,32377.72,INACTIVE
SAT05628,74.736709,-5.448678,17161.77,MAINTENANCE
SAT05629,-52.37618,143.305016,23761.87,INACTIVE
SAT05630,37.06244,-66.029975,21853.04,ACTIVE
SAT05631,-58.001275,-170.614869,28822.48,INACTIVE
SAT05632,-55.181852,-32.397112,10041.84,ACTIVE
SAT05633,35.963728,-45.210744,9443.24,ACTIVE
SAT05634,78.048837,128.249241,4962.77,INACTIVE
SAT05635,56.943317,4.812593,31965.39,MAINTENANCE
SAT05636,-26.755737,-33.34758,21645.0,MAINTENANCE
SAT05637,2.237727,-40.209756,12054.05,INACTIVE
SAT05638,51.379292,160.386547,18062.94,ACTIVE
SAT05639,-30.071776,150.160982,11958.66,MAINTENANCE
SAT05640,48.318007,151.50243,34053.19,ACTIVE
SAT05641,-63.885889,-150.079678,22339.05,INACTIVE
SAT05642,-37.082008,146.194404,24885.25,ACTIVE
SAT05643,53.263215,-55.646887,22671.71,INACTIVE
SAT05644,34.588985,103.546696,23507.81,INACTIVE
SAT05645,19.681182,-60.234755,15570.49,INACTIVE
SAT05646,-72.492293,128.886244,7863.65,INACTIVE
SAT05647,3.726798,-176.136121,26222.15,MAINTENANCE
SAT05648,47.571599,-109.56975,2260.45,MAINTENANCE
SAT05649,-88.235713,-130.006004,12656.89,MAINTENANCE
SAT05650,52.011119,-101.309345,32061.91,MAINTENANCE
SAT05651,75.202761,156.159918,27238.02,MAINTENANCE
SAT05652,78.58989,-85.40716,2463.91,MAINTENANCE
SAT05653,-8.468968,178.708732,25269.5,ACTIVE
SAT05654,-77.357426,-120.376325,2293.74,ACTIVE
SAT05655,21.43167,-106.128087,4642.44,MAINTENANCE
SAT05656,7.904697,-84.436761,32672.79,ACTIVE
SAT05657,-70.807183,-11.489931,3128.13,INACTIVE
SAT05658,12.048612,117.963015,6279.58,ACTIVE
SAT05659,41.626158,27.827482,24730.89,ACTIVE
SAT05660,-11.980905,3.333479,1932.08,INACTIVE
SAT05661,-4.036198,141.851945,4232.76,MAINTENANCE
SAT05662,-61.506233,137.743274,12499.97,MAINTENANCE
SAT05663,24.872143,35.136024,32657.98,ACTIVE
SAT05664,-62.55098,73.025557,11013.84,MAINTENANCE
SAT05665,17.817286,-143.462156,18063.73,ACTIVE
SAT05666,-28.524199,-33.320636,29257.82,ACTIVE
SAT05667,-46.266901,171.199817,24207.37,INACTIVE
SAT05668,-27.826408,54.441989,5221.85,INACTIVE
SAT05669,19.682089,111.302034,17177.18,ACTIVE
SAT05670,-40.577581,-85.805629,17804.86,ACTIVE
SAT05671,64.280989,54.322714,35827.0,INACTIVE
SAT05672,53.25771,-135.212275,13940.6,ACTIVE
SAT05673,61.869753,61.642584,1798.27,ACTIVE
SAT05674,-10.379717,66.618714,3213.78,MAINTENANCE
SAT05675,42.843745,6.612737,19898.22,INACTIVE
SAT05676,-52.871145,-50.195088,2816.78,ACTIVE
SAT05677,39.613,-104.513561,20227.6,MAINTENANCE
SAT05678,-59.794293,96.829674,4188.59,INACTIVE
SAT05679,73.819108,-59.567622,9506.75,ACTIVE
SAT05680,-1.678291,-127.39218,19883.2,INACTIVE
SAT05681,37.101766,164.785791,1823.84,INACTIVE
SAT05682,-71.859808,-67.128306,15510.33,MAINTENANCE
SAT05683,-79.661671,-53.760551,27205.84,MAINTENANCE
SAT05684,-10.284099,-98.137748,31030.15,INACTIVE
SAT05685,-38.980957,128.498228,5570.77,MAINTENANCE
SAT05686,-86.04376,-40.278413,1141.48,ACTIVE
SAT05687,-14.721097,144.569779,15021.98,ACTIVE
SAT05688,-88.398058,-28.360414,34144.48,INACTIVE
SAT05689,-9.214289,45.235627,28058.89,MAINTENANCE
SAT05690,-40.821335,124.163764,21374.09,INACTIVE
SAT05691,-31.308757,75.46718,33965.24,INACTIVE
SAT05692,62.820037,76.186158,13044.77,MAINTENANCE
SAT05693,75.744407,-16.270949,21986.0,ACTIVE
SAT05694,-71.943481,-168.001627,25093.07,MAINTENANCE
SAT05695,61.972313,-26.314422,9153.18,MAINTENANCE
SAT05696,39.255399,-47.525875,31563.41,INACTIVE
SAT05697,85.840567,160.067927,4362.65,INACTIVE
SAT05698,58.462485,-137.734599,33954.7,ACTIVE
SAT05699,22.801732,-30.251141,2099.91,ACTIVE
SAT05700,-57.414577,-143.426643,24869.85,MAINTENANCE
SAT05701,-79.129129,-82.515403,10653.63,ACTIVE
SAT05702,13.525062,51.691147,3856.57,INACTIVE
SAT05703,17.532427,33.959893,18476.2,INACTIVE
SAT05704,-41.104525,54.430019,7558.91,MAINTENANCE
SAT05705,-15.062467,147.673012,14216.4,ACTIVE
SAT05706,-36.951259,-7.53566,4392.79,INACTIVE
SAT05707,-36.204642,-26.941337,8643.43,ACTIVE
SAT05708,-17.973356,-50.153752,1146.05,INACTIVE
SAT05709,-7.428401,50.25651,27471.29,ACTIVE
SAT05710,-84.597522,80.323415,27196.94,MAINTENANCE
SAT05711,-65.190524,56.395955,8348.84,ACTIVE
SAT05712,-41.866881,126.315652,6595.58,INACTIVE
SAT05713,-9.737614,124.673413,12038.66,ACTIVE
SAT05714,68.921362,168.919653,10203.05,MAINTENANCE
SAT05715,-38.79832,-58.49028,26803.11,ACTIVE
SAT05716,80.03368,8.356723,1159.54,MAINTENANCE
SAT05717,18.587415,-63.122192,7821.17,MAINTENANCE
SAT05718,-2.785396,104.142995,32165.74,ACTIVE
SAT05719,23.923086,112.413124,15755.52,ACTIVE
SAT05720,61.350356,-40.006947,35375.24,MAINTENANCE
SAT05721,-67.67857,-124.32088,11032.37,INACTIVE
SAT05722,-36.644114,12.348176,31308.2,INACTIVE
SAT05723,52.127848,145.184069,11477.91,MAINTENANCE
SAT05724,-63.985809,-90.336447,13410.91,MAINTENANCE
SAT05725,-89.463969,142.723431,26555.64,ACTIVE
SAT05726,-8.855496,-164.937723,9558.62,INACTIVE
SAT05727,-51.024904,143.161449,15025.68,MAINTENANCE
SAT05728,65.229544,-32.309633,14162.18,MAINTENANCE
SAT05729,62.947697,-11.436681,3589.96,INACTIVE
SAT05730,-48.132273,89.834713,2592.19,ACTIVE
SAT05731,-60.290421,133.337462,22681.78,MAINTENANCE
SAT05732,12.054711,163.027668,8807.97,INACTIVE
SAT05733,-73.026803,-71.504127,12285.77,INACTIVE
SAT05734,-72.985133,-156.129623,32838.45,ACTIVE
SAT05735,62.548305,-43.548888,20669.05,INACTIVE
SAT05736,34.591815,174.864148,27983.56,ACTIVE
SAT05737,65.824764,-170.264337,30611.66,MAINTENANCE
SAT05738,-28.409843,-44.291816,35224.29,ACTIVE
SAT05739,-67.982299,121.900375,27068.06,INACTIVE
SAT05740,-25.265369,50.123375,17970.26,MAINTENANCE
SAT05741,-80.543345,-85.969921,26861.58,INACTIVE
SAT05742,-84.193519,174.284912,6673.22,ACTIVE
SAT05743,-53.922949,-165.393778,24437.13,INACTIVE
SAT05744,-86.117876,87.558615,4793.57,MAINTENANCE
SAT05745,-62.621984,128.637019,948.78,ACTIVE
SAT05746,-22.869407,89.504492,8982.7,ACTIVE
SAT05747,32.258384,122.213751,33227.31,ACTIVE
SAT05748,-67.304653,157.564482,12000.48,MAINTENANCE
SAT05749,41.660703,62.466908,1375.3,ACTIVE
SAT05750,-2.552783,-50.464972,30984.23,MAINTENANCE
SAT05751,45.311343,37.156654,21718.2,MAINTENANCE
SAT05752,45.105025,6.815738,12178.3,INACTIVE
SAT05753,1.377758,-39.470296,33459.49,INACTIVE
SAT05754,30.618682,-129.312865,7503.5,INACTIVE
SAT05755,-4.02874,93.660559,25205.84,INACTIVE
SAT05756,-6.362761,-125.594109,26770.29,INACTIVE
SAT05757,-21.20027,-53.561045,27822.11,MAINTENANCE
SAT05758,80.478579,67.312115,10614.2,MAINTENANCE
SAT05759,-89.643915,97.212142,27400.64,MAINTENANCE
SAT05760,46.97712,81.613997,2950.14,INACTIVE
SAT05761,68.697692,-167.518592,10754.23,ACTIVE
SAT05762,-71.38777,119.233591,8433.11,INACTIVE
SAT05763,12.715337,2.704639,33426.64,MAINTENANCE
SAT05764,89.091274,106.257563,10955.77,MAINTENANCE
SAT05765,81.644888,-18.180828,13331.16,ACTIVE
SAT05766,57.437461,98.309398,26057.04,MAINTENANCE
SAT05767,80.085634,-143.312218,24852.62,INACTIVE
SAT05768,-52.5461,71.879177,23692.87,INACTIVE
SAT05769,83.148377,117.942456,32947.89,MAINTENANCE
SAT05770,80.885337,143.939984,507.34,ACTIVE
SAT05771,26.120162,-89.429707,15048.58,INACTIVE
SAT05772,-74.108086,-151.854108,30903.19,INACTIVE
SAT05773,72.876082,3.114209,6810.85,MAINTENANCE
SAT05774,4.453685,52.375268,8498.01,MAINTENANCE
SAT05775,-72.170121,128.906388,31036.96,MAINTENANCE
SAT05776,-35.027252,46.871428,11436.19,MAINTENANCE
SAT05777,20.038282,99.763906,949.36,ACTIVE
SAT05778,11.222212,-18.045922,25377.64,ACTIVE
SAT05779,-11.277704,-98.828361,15279.29,INACTIVE
SAT05780,47.151858,-69.23137,1583.17,MAINTENANCE
SAT05781,81.680376,-49.650411,661.37,INACTIVE
SAT05782,-29.531804,122.354966,19739.27,INACTIVE
SAT05783,50.413071,-151.751075,10647.19,ACTIVE
SAT05784,-29.360198,2.539993,973.95,MAINTENANCE
SAT05785,42.093217,-85.219809,15862.4,INACTIVE
SAT05786,77.068316,-179.823607,4121.59,ACTIVE
SAT05787,12.463891,128.635322,16066.74,INACTIVE
SAT05788,-51.00281,-64.583053,32528.5,INACTIVE
SAT05789,-38.788825,-119.956889,11282.46,MAINTENANCE
SAT05790,25.260873,36.107186,35392.29,MAINTENANCE
SAT05791,10.848863,-33.89118,25542.74,MAINTENANCE
SAT05792,42.495433,-63.129884,10875.57,MAINTENANCE
SAT05793,-72.437325,139.423383,32444.32,INACTIVE
SAT05794,-43.220584,-44.027883,3549.68,ACTIVE
SAT05795,41.833902,-120.229704,3438.03,ACTIVE
SAT05796,-52.774236,-133.197932,2372.5,MAINTENANCE
SAT05797,19.069615,-110.267168,13512.04,ACTIVE
SAT05798,87.008002,140.243214,25032.37,ACTIVE
SAT05799,-84.747398,25.263594,12421.45,MAINTENANCE
SAT05800,-23.125894,-143.200932,17853.48,ACTIVE
SAT05801,70.853251,16.237419,8720.55,INACTIVE
SAT05802,83.698983,-91.383068,1245.42,INACTIVE
SAT05803,-47.321173,102.321312,18647.92,INACTIVE
SAT05804,-74.433114,112.907085,35109.97,INACTIVE
SAT05805,34.461115,97.318968,959.53,ACTIVE
SAT05806,81.081615,103.286796,33549.31,MAINTENANCE
SAT05807,-66.608591,157.605552,27153.27,ACTIVE
SAT05808,83.829623,70.534042,13623.7,ACTIVE
SAT05809,-29.417042,-177.603845,23558.01,INACTIVE
SAT05810,53.825734,19.916743,6611.9,MAINTENANCE
SAT05811,3.85858,-125.701517,20759.29,INACTIVE
SAT05812,-20.447083,90.845854,25291.32,MAINTENANCE
SAT05813,74.755948,-128.56281,31898.36,ACTIVE
SAT05814,87.574682,-68.66348,1434.09,MAINTENANCE
SAT05815,-42.603072,-130.906734,15232.98,INACTIVE
SAT05816,30.016944,162.196753,31808.43,INACTIVE
SAT05817,-49.096806,-108.823188,19356.98,MAINTENANCE
SAT05818,-88.240295,-71.414661,20970.37,INACTIVE
SAT05819,33.542507,-147.774522,35995.38,INACTIVE
SAT05820,-81.94727,-127.053551,19393.47,ACTIVE
SAT05821,31.611999,-159.612274,4927.47,INACTIVE
SAT05822,-73.737426,113.51253,11281.49,ACTIVE
SAT05823,2.281519,111.093696,18303.2,ACTIVE
SAT05824,-33.644394,133.53152,12974.89,INACTIVE
SAT05825,-15.59208,88.203282,8480.0,MAINTENANCE
SAT05826,2.831225,-137.723405,21796.59,MAINTENANCE
SAT05827,24.649632,0.430704,7770.43,INACTIVE
SAT05828,-71.609707,85.306316,9437.09,MAINTENANCE
SAT05829,-9.494807,81.635815,30286.55,MAINTENANCE
SAT05830,4.114942,114.408007,31459.58,ACTIVE
SAT05831,-76.240985,57.870176,21343.4,MAINTENANCE
SAT05832,30.447193,-16.517883,15550.62,INACTIVE
SAT05833,75.439403,-55.654169,5006.46,ACTIVE
SAT05834,-54.756131,-104.047187,13694.79,INACTIVE
SAT05835,-73.547448,-158.369857,10600.66,INACTIVE
SAT05836,-81.487707,-124.516797,2330.47,ACTIVE
SAT05837,68.793965,-64.911012,22864.47,INACTIVE
SAT05838,-5.253875,-8.284037,1286.58,MAINTENANCE
SAT05839,-50.694675,105.261748,8046.46,ACTIVE
SAT05840,-29.376533,-175.300047,10177.47,INACTIVE
SAT05841,-54.445229,-92.663144,14474.09,ACTIVE
SAT05842,-88.713202,32.948083,10097.22,INACTIVE
SAT05843,-16.992611,-32.833341,26923.7,MAINTENANCE
SAT05844,38.440868,-141.978427,17176.27,MAINTENANCE
SAT05845,41.991091,30.248124,19946.36,INACTIVE
SAT05846,11.976821,136.101075,21041.11,INACTIVE
SAT05847,28.418886,11.462625,10232.27,MAINTENANCE
SAT05848,89.896098,-179.635549,20680.89,ACTIVE
SAT05849,67.656066,85.739249,13611.73,ACTIVE
SAT05850,-26.366393,-100.276281,35537.61,MAINTENANCE
SAT05851,-55.437265,-71.379319,6538.47,ACTIVE
SAT05852,-56.271988,-175.704013,12085.74,ACTIVE
SAT05853,-81.145175,-54.205483,4963.28,MAINTENANCE
SAT05854,-28.521404,-19.835921,34461.51,INACTIVE
SAT05855,-5.292229,68.179923,34899.31,INACTIVE
SAT05856,-7.425491,-129.484572,958.78,ACTIVE
SAT05857,25.296495,162.752881,677.38,MAINTENANCE
SAT05858,72.502777,22.935818,30195.83,INACTIVE
SAT05859,-19.54505,-116.342116,13830.2,ACTIVE
SAT05860,76.799304,87.769353,30198.53,MAINTENANCE
SAT05861,36.597667,83.343024,27577.53,MAINTENANCE
SAT05862,9.648144,12.449289,12556.48,INACTIVE
SAT05863,-71.577777,-46.735559,32181.47,ACTIVE
SAT05864,-21.725217,-63.617935,4160.76,ACTIVE
SAT05865,11.184618,-160.993738,26686.67,MAINTENANCE
SAT05866,-5.555436,-75.719292,20059.41,MAINTENANCE
SAT05867,4.37005,156.727997,7898.99,INACTIVE
SAT05868,-79.309819,175.242918,27318.42,MAINTENANCE
SAT05869,12.207737,115.506193,4129.82,INACTIVE
SAT05870,15.957872,-159.314839,30448.6,ACTIVE
SAT05871,26.319644,-64.805366,34863.54,ACTIVE
SAT05872,75.015116,120.381765,24194.35,INACTIVE
SAT05873,-29.529305,168.612502,11536.49,ACTIVE
SAT05874,-73.397374,15.460955,25141.52,ACTIVE
SAT05875,-22.02293,55.857203,825.77,ACTIVE
SAT05876,19.016367,121.863076,27286.09,MAINTENANCE
SAT05877,40.066348,-28.419491,26916.83,ACTIVE
SAT05878,11.532132,34.942235,10762.16,INACTIVE
SAT05879,49.499408,-127.415705,32257.21,MAINTENANCE
SAT05880,-58.823054,-24.464108,2479.99,INACTIVE
SAT05881,-83.507014,11.164562,26760.31,INACTIVE
SAT05882,46.241703,144.467645,2261.65,INACTIVE
SAT05883,89.876033,29.233063,25609.36,INACTIVE
SAT05884,40.940902,-80.866064,4095.07,INACTIVE
SAT05885,-64.769741,-91.110039,24056.92,INACTIVE
SAT05886,-29.846635,175.357832,8591.97,MAINTENANCE
SAT05887,25.014629,57.469501,19325.18,INACTIVE
SAT05888,-8.365294,-161.060808,12724.65,INACTIVE
SAT05889,-44.136395,-88.890509,10574.04,ACTIVE
SAT05890,3.769428,-40.184183,15560.79,INACTIVE
SAT05891,56.394225,166.363286,30264.81,MAINTENANCE
SAT05892,-67.696584,-41.045898,32146.68,INACTIVE
SAT05893,-36.338582,93.057497,5713.51,ACTIVE
SAT05894,9.096101,-0.145161,30119.49,MAINTENANCE
SAT05895,-33.495062,41.274846,14791.96,INACTIVE
SAT05896,-85.642485,131.894666,980.67,MAINTENANCE
SAT05897,-56.387392,-171.703254,210.7,MAINTENANCE
SAT05898,76.848019,149.582624,7617.09,INACTIVE
SAT05899,-9.590841,84.716676,10292.87,INACTIVE
SAT05900,-74.442464,64.977823,3544.11,MAINTENANCE
SAT05901,-88.693828,78.738078,24565.59,MAINTENANCE
SAT05902,-25.879611,-85.267478,9570.6,MAINTENANCE
SAT05903,-42.9292,-64.961545,25372.02,ACTIVE
SAT05904,38.537125,78.623547,28030.96,MAINTENANCE
SAT05905,-1.312059,-154.411451,33413.56,ACTIVE
SAT05906,-27.219391,-83.681146,25427.47,ACTIVE
SAT05907,29.530048,-8.632553,18680.16,ACTIVE
SAT05908,-83.920997,5.563856,8920.06,INACTIVE
SAT05909,40.829044,-121.59147,6116.81,INACTIVE
SAT05910,11.373321,56.331959,15097.15,MAINTENANCE
SAT05911,-62.107522,161.024684,8998.1,MAINTENANCE
SAT05912,-58.553403,-102.77718,15039.83,MAINTENANCE
SAT05913,-24.741925,-68.245447,6831.7,ACTIVE
SAT05914,-43.487793,-58.418175,7904.63,ACTIVE
SAT05915,54.187556,8.091684,24725.48,ACTIVE
SAT05916,-1.030867,55.06072,2626.0,INACTIVE
SAT05917,-56.731494,33.682835,2516.62,MAINTENANCE
SAT05918,59.193449,160.6814,34005.23,ACTIVE
SAT05919,-35.557036,48.694414,14695.63,INACTIVE
SAT05920,-77.80211,10.57459,24420.6,MAINTENANCE
SAT05921,27.702296,-20.120993,7451.42,MAINTENANCE
SAT05922,-76.620227,-7.697755,21575.52,ACTIVE
SAT05923,35.009093,-86.899307,34560.55,INACTIVE
SAT05924,-45.31765,92.128007,3488.75,ACTIVE
SAT05925,57.77,48.93492,10648.23,MAINTENANCE
SAT05926,-46.760758,79.930705,16745.15,MAINTENANCE
SAT05927,-31.442176,150.856351,30903.04,INACTIVE
SAT05928,-69.341764,138.985096,33570.22,ACTIVE
SAT05929,11.959656,-151.86757,18803.13,INACTIVE
SAT05930,-32.513403,112.284497,851.53,ACTIVE
SAT05931,-55.18106,-97.432176,14241.54,INACTIVE
SAT05932,26.418395,89.601461,23604.14,ACTIVE
SAT05933,-24.594351,-140.461961,602.79,INACTIVE
SAT05934,-72.736411,55.971393,34868.16,MAINTENANCE
SAT05935,16.641907,83.746995,13621.24,ACTIVE
SAT05936,59.887073,-61.311878,24869.37,MAINTENANCE
SAT05937,49.370776,140.21558,19720.7,MAINTENANCE
SAT05938,77.233924,-159.226283,9515.18,MAINTENANCE
SAT05939,39.936674,46.050076,21845.06,ACTIVE
SAT05940,-88.803362,-65.308733,30074.71,ACTIVE
SAT05941,-21.463771,38.832435,25540.67,ACTIVE
SAT05942,-29.630916,-23.199187,35380.63,ACTIVE
SAT05943,53.761016,79.595745,13023.67,ACTIVE
SAT05944,-22.077417,169.367381,11909.7,INACTIVE
SAT05945,63.675699,-148.655337,28859.54,MAINTENANCE
SAT05946,-63.429549,-166.302789,9499.86,INACTIVE
SAT05947,14.862898,-112.822839,846.83,ACTIVE
SAT05948,-33.166931,-99.866157,32211.18,ACTIVE
SAT05949,-82.53135,-174.101638,18358.37,MAINTENANCE
SAT05950,69.787627,-59.753448,9101.15,ACTIVE
SAT05951,-66.458122,-89.392623,34892.41,MAINTENANCE
SAT05952,48.659071,-55.974884,16533.69,INACTIVE
SAT05953,-26.808058,-77.077179,31912.36,INACTIVE
SAT05954,-55.222861,149.447291,19651.2,MAINTENANCE
SAT05955,-41.811257,147.269226,13899.47,ACTIVE
SAT05956,3.687037,95.879049,25185.92,MAINTENANCE
SAT05957,-7.628634,-179.784772,20727.08,INACTIVE
SAT05958,-41.435402,20.913088,31256.1,MAINTENANCE
SAT05959,-69.814805,-163.664243,21049.46,ACTIVE
SAT05960,60.545697,76.820896,12899.0,INACTIVE
SAT05961,87.270932,109.074495,23282.81,INACTIVE
SAT05962,-46.551259,77.917727,23010.53,ACTIVE
SAT05963,16.999427,71.665051,8774.0,MAINTENANCE
SAT05964,82.678262,-37.146293,18198.53,ACTIVE
SAT05965,20.547974,80.188996,35018.62,INACTIVE
SAT05966,-58.153954,159.095273,17706.9,INACTIVE
SAT05967,-54.281791,177.95012,15688.82,INACTIVE
SAT05968,-26.058493,165.335346,5941.17,INACTIVE
SAT05969,2.122939,-2.172043,26697.02,MAINTENANCE
SAT05970,-32.228868,-100.809227,22976.34,MAINTENANCE
SAT05971,-43.20816,-17.469993,218.77,INACTIVE
SAT05972,81.227098,48.930703,9725.39,INACTIVE
SAT05973,-50.129091,48.664622,20406.06,MAINTENANCE
SAT05974,13.595452,-71.109298,18422.57,MAINTENANCE
SAT05975,42.099252,14.077507,25001.93,INACTIVE
SAT05976,-19.335044,152.493968,20532.85,MAINTENANCE
SAT05977,-70.373437,-39.74388,15474.17,ACTIVE
SAT05978,-68.716494,46.49905,10430.47,MAINTENANCE
SAT05979,48.266139,-90.239585,7774.14,INACTIVE
SAT05980,7.25144,59.90802,23277.28,INACTIVE
SAT05981,75.525064,-19.841429,34481.81,INACTIVE
SAT05982,74.884275,-45.13839,3379.94,ACTIVE
SAT05983,60.245529,129.816668,20266.09,INACTIVE
SAT05984,-84.715312,93.762782,5896.54,MAINTENANCE
SAT05985,11.196294,61.179735,23096.85,ACTIVE
SAT05986,79.87255,-44.473187,13655.51,MAINTENANCE
SAT05987,31.042371,166.096719,25815.67,MAINTENANCE
SAT05988,31.660096,103.894346,11836.61,INACTIVE
SAT05989,84.825929,-27.881534,29816.92,ACTIVE
SAT05990,7.163505,65.277292,12814.94,MAINTENANCE
SAT05991,74.238044,-115.27011,19665.03,MAINTENANCE
SAT05992,45.073537,135.116029,18609.83,MAINTENANCE
SAT05993,25.615748,154.688898,33559.7,INACTIVE
SAT05994,-87.587942,-109.624385,7868.26,MAINTENANCE
SAT05995,71.413397,133.619447,14306.13,INACTIVE
SAT05996,-56.315096,-121.228351,6037.4,ACTIVE
SAT05997,59.107044,-150.619479,29110.54,INACTIVE
SAT05998,-14.857761,-147.732758,15126.59,ACTIVE
SAT05999,-25.93842,-49.407695,23666.3,MAINTENANCE
SAT06000,28.93867,-144.408071,21361.13,ACTIVE
SAT06001,-26.754918,19.153927,26941.14,INACTIVE
SAT06002,-33.918495,131.116486,21927.23,INACTIVE
SAT06003,48.578155,-112.222255,615.83,INACTIVE
SAT06004,80.585018,-146.536529,12199.78,INACTIVE
SAT06005,33.596957,-61.74527,6359.69,INACTIVE
SAT06006,-22.346487,-153.745861,16461.72,ACTIVE
SAT06007,44.60204,149.077567,3868.99,MAINTENANCE
SAT06008,74.088046,45.983426,26692.24,ACTIVE
SAT06009,-6.151821,-40.672318,2083.36,ACTIVE
SAT06010,-44.223839,20.760006,2302.09,ACTIVE
SAT06011,41.714023,44.363377,24667.13,MAINTENANCE
SAT06012,89.308786,-98.735959,2951.48,MAINTENANCE
SAT06013,-70.049921,27.888611,30152.09,INACTIVE
SAT06014,36.393682,-85.013441,14391.9,INACTIVE
SAT06015,-9.955037,153.823286,14806.56,ACTIVE
SAT06016,-40.344202,90.173829,8832.9,MAINTENANCE
SAT06017,-35.779054,41.872661,24345.38,ACTIVE
SAT06018,81.822759,-171.174263,9643.32,ACTIVE
SAT06019,38.723552,24.114548,14004.11,ACTIVE
SAT06020,-77.824997,-87.939029,8868.05,ACTIVE
SAT06021,58.001627,48.007961,34821.91,MAINTENANCE
SAT06022,38.336428,66.954024,10650.13,MAINTENANCE
SAT06023,45.879444,-81.873574,25302.47,MAINTENANCE
SAT06024,-60.562731,-175.903313,15438.27,ACTIVE
SAT06025,-80.027641,61.453777,17324.41,INACTIVE
SAT06026,-39.238155,2.159624,18401.62,ACTIVE
SAT06027,-73.024847,94.71188,17737.33,MAINTENANCE
SAT06028,-21.940826,-135.010901,3443.88,INACTIVE
SAT06029,-60.178902,-156.591664,29675.04,ACTIVE
SAT06030,10.880224,96.278649,3339.98,MAINTENANCE
SAT06031,85.192221,109.400619,34792.31,ACTIVE
SAT06032,-61.774797,-45.541071,20020.88,INACTIVE
SAT06033,-27.477293,58.390177,31334.72,MAINTENANCE
SAT06034,-57.698926,-8.525667,6801.52,INACTIVE
SAT06035,-73.092373,-66.253911,9333.9,INACTIVE
SAT06036,53.288067,-161.694549,12484.26,MAINTENANCE
SAT06037,20.817887,-63.670245,23094.88,ACTIVE
SAT06038,85.631487,105.475064,2487.03,MAINTENANCE
SAT06039,-82.917868,65.343503,13611.6,ACTIVE
SAT06040,28.664484,-36.585825,35476.62,ACTIVE
SAT06041,16.422213,61.337454,1049.67,ACTIVE
SAT06042,62.802353,-170.192715,30152.44,INACTIVE
SAT06043,-5.655475,91.912698,22338.04,INACTIVE
SAT06044,43.792891,-162.91497,33773.26,MAINTENANCE
SAT06045,-68.489059,145.942534,21628.83,INACTIVE
SAT06046,8.059377,99.900043,18769.37,INACTIVE
SAT06047,-87.287548,171.831542,14350.02,INACTIVE
SAT06048,19.933921,14.909466,9853.42,ACTIVE
SAT06049,-46.24234,139.66174,16032.43,ACTIVE
SAT06050,27.30728,-31.576394,19159.25,MAINTENANCE
SAT06051,-37.860087,-158.346454,32536.67,MAINTENANCE
SAT06052,-72.557777,-18.432336,14648.6,MAINTENANCE
SAT06053,-19.145406,-119.419906,12012.56,INACTIVE
SAT06054,-24.698111,-119.670457,31457.92,ACTIVE
SAT06055,-10.308112,-65.732756,25013.44,MAINTENANCE
SAT06056,-81.721999,-179.575231,30725.86,ACTIVE
SAT06057,49.017873,-48.252511,7040.3,ACTIVE
SAT06058,50.602359,64.357511,11886.11,MAINTENANCE
SAT06059,-29.550635,-137.849419,34189.2,MAINTENANCE
SAT06060,-64.011167,141.139532,31796.47,ACTIVE
SAT06061,19.861015,-159.688868,11848.13,INACTIVE
SAT06062,-37.826514,137.737791,20942.73,ACTIVE
SAT06063,6.823584,37.882577,31348.65,ACTIVE
SAT06064,72.796873,178.313732,15549.94,ACTIVE
SAT06065,-38.677073,-60.302859,4867.62,MAINTENANCE
SAT06066,-12.812435,66.897914,27974.78,ACTIVE
SAT06067,6.019659,1.016697,27506.37,ACTIVE
SAT06068,1.297136,-63.709528,20060.88,ACTIVE
SAT06069,-66.777355,-45.619432,29668.54,ACTIVE
SAT06070,-37.022424,3.496457,24795.02,ACTIVE
SAT06071,-59.666147,119.54562,4191.96,MAINTENANCE
SAT06072,60.051071,-164.986925,24996.27,INACTIVE
SAT06073,-60.941622,-23.230866,14327.9,INACTIVE
SAT06074,28.939542,-81.402336,26048.82,INACTIVE
SAT06075,76.771497,-39.354121,27228.24,INACTIVE
SAT06076,-24.486574,43.036954,19760.28,ACTIVE
SAT06077,43.866607,41.653828,28455.05,MAINTENANCE
SAT06078,77.16606,142.577809,13548.16,INACTIVE
SAT06079,69.098857,-178.493632,31565.27,ACTIVE
SAT06080,11.703439,32.230214,15868.41,ACTIVE
SAT06081,28.592683,-172.245143,473.95,MAINTENANCE
SAT06082,25.104765,20.805447,20258.62,INACTIVE
SAT06083,-38.331355,-93.92987,8065.82,ACTIVE
SAT06084,75.033003,165.988606,28321.3,INACTIVE
SAT06085,-9.59489,49.52239,16243.87,INACTIVE
SAT06086,-56.64529,100.832144,18053.48,MAINTENANCE
SAT06087,-53.655697,-157.920936,8996.19,ACTIVE
SAT06088,-83.587439,-14.213062,21587.8,INACTIVE
SAT06089,-52.456643,86.912245,4323.11,MAINTENANCE
SAT06090,-78.456001,178.581098,35109.2,ACTIVE
SAT06091,-71.124339,-55.075931,17016.72,ACTIVE
SAT06092,67.072501,139.351733,27958.1,ACTIVE
SAT06093,5.454817,71.414748,19548.38,MAINTENANCE
SAT06094,16.195369,87.86407,14650.66,MAINTENANCE
SAT06095,65.595312,-108.607311,25622.63,ACTIVE
SAT06096,-40.66264,3.419404,20967.22,INACTIVE
SAT06097,2.260512,-54.068201,13693.59,ACTIVE
SAT06098,-79.52758,-36.355706,33813.12,INACTIVE
SAT06099,-29.138879,40.304626,19253.78,INACTIVE
SAT06100,-20.900637,154.275968,18461.7,INACTIVE
SAT06101,28.363741,128.858341,18202.02,ACTIVE
SAT06102,-29.57622,100.936254,27778.69,INACTIVE
SAT06103,83.294183,-108.322667,11895.8,INACTIVE
SAT06104,18.778182,111.890486,5356.17,MAINTENANCE
SAT06105,15.25775,173.970576,18641.47,INACTIVE
SAT06106,67.296453,33.480077,12141.57,INACTIVE
SAT06107,17.742612,-154.54725,13655.66,MAINTENANCE
SAT06108,28.796391,-114.011558,2464.67,MAINTENANCE
SAT06109,18.340904,-132.193994,19039.92,ACTIVE
SAT06110,-19.856293,175.495874,35429.96,INACTIVE
SAT06111,27.359766,26.473269,6633.5,MAINTENANCE
SAT06112,12.941598,-169.292661,16952.37,MAINTENANCE
SAT06113,27.577789,-158.166662,1163.36,INACTIVE
SAT06114,-49.528586,148.890808,14796.41,MAINTENANCE
SAT06115,-58.640262,-133.438634,11770.97,INACTIVE
SAT06116,-16.47921,137.04274,33742.71,INACTIVE
SAT06117,58.798045,81.832312,33268.76,MAINTENANCE
SAT06118,-32.728823,117.425099,5296.64,MAINTENANCE
SAT06119,60.943633,93.038723,35825.28,MAINTENANCE
SAT06120,-46.676002,-0.685875,6387.31,INACTIVE
SAT06121,-53.772215,-169.486798,24546.16,INACTIVE
SAT06122,13.682666,23.743466,34787.62,MAINTENANCE
SAT06123,49.786123,157.70054,25576.75,ACTIVE
SAT06124,-42.974218,-143.490185,3232.25,MAINTENANCE
SAT06125,-49.804403,176.340506,24504.14,MAINTENANCE
SAT06126,72.167052,26.297938,8629.81,ACTIVE
SAT06127,-68.992218,-169.906042,22224.21,MAINTENANCE
SAT06128,68.996251,56.890353,20398.4,ACTIVE
SAT06129,58.666933,-133.405121,11524.28,ACTIVE
SAT06130,-7.500761,26.983576,25505.71,MAINTENANCE
SAT06131,32.711791,96.72095,16332.1,INACTIVE
SAT06132,-85.184624,114.899067,21504.24,MAINTENANCE
SAT06133,-14.519393,-120.598571,32481.19,ACTIVE
SAT06134,-80.895749,157.142617,13622.65,INACTIVE
SAT06135,80.87758,-86.356101,29554.26,ACTIVE
SAT06136,87.738459,-130.666829,17938.27,ACTIVE
SAT06137,0.387009,-95.489035,10107.69,INACTIVE
SAT06138,-64.663423,36.862379,27377.99,ACTIVE
SAT06139,-39.210589,-1.008462,35344.07,ACTIVE
SAT06140,-54.946496,129.339673,22371.27,MAINTENANCE
SAT06141,50.967297,-129.836495,21157.17,MAINTENANCE
SAT06142,74.128071,162.888772,31928.95,INACTIVE
SAT06143,-16.926354,-78.885932,11490.16,INACTIVE
SAT06144,7.297148,5.909543,11735.07,ACTIVE
SAT06145,-69.753697,34.500197,16253.43,MAINTENANCE
SAT06146,78.779148,-167.482917,25712.89,INACTIVE
SAT06147,-45.005852,-10.50861,3071.95,INACTIVE
SAT06148,83.614634,111.373569,1932.98,MAINTENANCE
SAT06149,3.153218,-19.336299,30610.98,MAINTENANCE
SAT06150,69.291844,85.559841,35112.9,MAINTENANCE
SAT06151,17.548479,-24.877438,30792.95,MAINTENANCE
SAT06152,-7.161251,-156.312868,21244.48,ACTIVE
SAT06153,-1.134597,149.781961,8754.93,MAINTENANCE
SAT06154,-78.138062,-17.887104,24506.16,MAINTENANCE
SAT06155,-46.897345,127.730955,1328.22,INACTIVE
SAT06156,-56.863052,107.424982,26535.59,ACTIVE
SAT06157,45.234039,137.065596,7521.59,ACTIVE
SAT06158,35.207755,88.319547,13194.84,ACTIVE
SAT06159,-46.662499,33.024602,32623.63,MAINTENANCE
SAT06160,71.134266,38.069846,20437.36,MAINTENANCE
SAT06161,16.368755,-78.181712,25084.92,ACTIVE
SAT06162,-82.824241,79.597013,20196.29,INACTIVE
SAT06163,75.215719,47.92828,12406.66,INACTIVE
SAT06164,-89.517157,134.50906,2453.43,MAINTENANCE
SAT06165,-59.419449,26.880242,21019.68,INACTIVE
SAT06166,-72.832583,-6.04946,31801.88,ACTIVE
SAT06167,77.791735,-7.672063,19924.24,INACTIVE
SAT06168,9.504379,56.280157,9501.93,MAINTENANCE
SAT06169,-12.188364,-116.502383,11357.64,INACTIVE
SAT06170,31.012475,105.20444,5949.12,ACTIVE
SAT06171,-71.33202,-117.423143,260.49,INACTIVE
SAT06172,-12.656691,-131.443377,27853.22,ACTIVE
SAT06173,46.473185,59.008917,12730.52,MAINTENANCE
SAT06174,51.042917,-161.379584,27698.93,MAINTENANCE
SAT06175,10.854165,124.981344,35782.55,ACTIVE
SAT06176,-88.357576,-158.255754,20122.91,INACTIVE
SAT06177,64.502855,168.885662,24641.03,MAINTENANCE
SAT06178,6.756117,-172.146546,22389.08,ACTIVE
SAT06179,-30.716581,80.61296,15155.85,ACTIVE
SAT06180,4.352718,-76.67315,9243.13,ACTIVE
SAT06181,66.21954,-117.577218,31490.32,MAINTENANCE
SAT06182,-82.090811,138.428999,14829.77,ACTIVE
SAT06183,-49.745354,168.229991,7542.61,MAINTENANCE
SAT06184,52.41611,-71.725634,4829.62,MAINTENANCE
SAT06185,-73.364498,7.5551,994.55,ACTIVE
SAT06186,-88.526603,169.321588,22342.47,MAINTENANCE
SAT06187,6.207458,33.592316,31836.88,MAINTENANCE
SAT06188,-36.8687,-36.38512,29719.01,INACTIVE
SAT06189,28.777713,-137.767088,30525.55,MAINTENANCE
SAT06190,55.07762,-74.366247,1839.09,MAINTENANCE
SAT06191,-29.868479,-34.331052,20141.46,MAINTENANCE
SAT06192,-10.484433,63.461247,10528.46,MAINTENANCE
SAT06193,-60.427955,40.489699,3283.65,INACTIVE
SAT06194,3.930186,-135.749365,16910.82,INACTIVE
SAT06195,-82.733469,18.012317,26428.04,ACTIVE
SAT06196,-33.635803,-97.88045,32258.13,MAINTENANCE
SAT06197,-44.195597,101.795343,18715.37,ACTIVE
SAT06198,51.85538,-66.096648,8989.99,INACTIVE
SAT06199,-40.203489,72.818661,23213.53,INACTIVE
SAT06200,23.034916,-143.189052,21816.62,ACTIVE
SAT06201,-78.107589,177.870963,16302.02,ACTIVE
SAT06202,78.692409,-150.872264,10826.96,ACTIVE
SAT06203,-0.615858,-35.857496,5091.24,INACTIVE
SAT06204,-68.557017,52.414816,6739.97,MAINTENANCE
SAT06205,70.477248,19.756878,24725.8,ACTIVE
SAT06206,27.905523,-91.911502,7638.11,MAINTENANCE
SAT06207,17.083078,-72.545278,8125.42,INACTIVE
SAT06208,-22.414178,105.081781,17469.74,INACTIVE
SAT06209,80.886336,174.986372,12249.54,MAINTENANCE
SAT06210,-11.432169,-87.606286,10339.6,MAINTENANCE
SAT06211,77.05441,-58.795264,8824.89,ACTIVE
SAT06212,-37.400413,84.393871,13470.27,INACTIVE
SAT06213,-86.763296,141.076126,34368.84,ACTIVE
SAT06214,79.165681,-168.418394,3583.1,MAINTENANCE
SAT06215,-60.334682,-157.245166,646.21,INACTIVE
SAT06216,39.5874,-22.119296,29237.25,MAINTENANCE
SAT06217,-83.856582,13.09391,15738.58,ACTIVE
SAT06218,-34.404511,-62.864844,2276.0,ACTIVE
SAT06219,89.924968,113.893667,20980.34,ACTIVE
SAT06220,-87.176409,-18.328743,32177.61,INACTIVE
SAT06221,-51.746032,76.999072,4475.67,MAINTENANCE
SAT06222,16.509068,-87.91618,3027.23,INACTIVE
SAT06223,-4.247479,92.390041,35603.72,INACTIVE
SAT06224,85.72775,125.147571,29644.26,INACTIVE
SAT06225,3.357683,92.666791,18422.09,INACTIVE
SAT06226,-56.112944,-78.930185,8790.35,MAINTENANCE
SAT06227,35.247407,32.448499,15315.08,MAINTENANCE
SAT06228,16.333061,-156.665291,22596.29,ACTIVE
SAT06229,-2.068845,-39.970044,5880.05,ACTIVE
SAT06230,34.532935,-0.454819,13622.32,ACTIVE
SAT06231,11.594663,-148.410983,25324.63,ACTIVE
SAT06232,-39.34922,7.413246,4361.37,INACTIVE
SAT06233,-9.456758,91.82223,9633.29,MAINTENANCE
SAT06234,-71.509697,-58.720324,16694.71,ACTIVE
SAT06235,16.362124,160.323575,22863.09,ACTIVE
SAT06236,-88.539768,-155.67175,28441.58,INACTIVE
SAT06237,-16.889341,-82.134958,6802.79,ACTIVE
SAT06238,-69.490096,-137.980778,6804.54,INACTIVE
SAT06239,-6.209764,-112.24326,22340.86,ACTIVE
SAT06240,80.593644,-48.04349,10256.58,INACTIVE
SAT06241,-64.355321,21.677063,23322.91,ACTIVE
SAT06242,-62.99426,121.103107,14219.13,ACTIVE
SAT06243,80.814961,-120.350587,7227.48,MAINTENANCE
SAT06244,89.225953,38.975006,13518.68,ACTIVE
SAT06245,-10.429065,-54.859957,32365.96,ACTIVE
SAT06246,86.451375,-117.16015,15846.49,ACTIVE
SAT06247,68.646584,-25.826596,16147.37,MAINTENANCE
SAT06248,2.948493,149.056508,28506.55,MAINTENANCE
SAT06249,67.734713,123.091922,9113.04,MAINTENANCE
SAT06250,-63.280042,52.764696,23039.63,MAINTENANCE
SAT06251,-16.948257,162.351387,27346.05,ACTIVE
SAT06252,59.347184,-62.609383,9624.27,INACTIVE
SAT06253,52.028038,1.124643,6345.88,ACTIVE
SAT06254,20.627471,172.947685,7040.49,INACTIVE
SAT06255,-22.632107,-137.347455,24859.14,MAINTENANCE
SAT06256,86.836875,-4.000469,7740.46,INACTIVE
SAT06257,79.930712,78.638601,30965.06,ACTIVE
SAT06258,-31.585943,128.394553,7411.99,MAINTENANCE
SAT06259,-36.647915,135.864569,27742.66,MAINTENANCE
SAT06260,42.357009,-44.880248,4503.45,MAINTENANCE
SAT06261,44.422419,-109.246654,29426.97,ACTIVE
SAT06262,-35.129305,100.247855,22954.56,INACTIVE
SAT06263,-87.383909,34.882848,21950.18,ACTIVE
SAT06264,68.718,-11.177512,4414.41,INACTIVE
SAT06265,19.030413,106.362474,4719.18,INACTIVE
SAT06266,8.054996,103.121454,5877.76,MAINTENANCE
SAT06267,65.081668,108.516974,32702.41,MAINTENANCE
SAT06268,65.32126,-119.966298,27069.89,INACTIVE
SAT06269,-9.435045,51.25109,32260.29,ACTIVE
SAT06270,-64.0435,0.661855,11958.49,ACTIVE
SAT06271,-20.182642,-157.772217,29630.72,ACTIVE
SAT06272,-40.864411,93.342723,5732.07,MAINTENANCE
SAT06273,-82.14784,167.317525,7361.66,INACTIVE
SAT06274,1.889259,152.77123,28060.48,MAINTENANCE
SAT06275,-1.25976,17.222981,15363.64,INACTIVE
SAT06276,77.26085,81.375907,20376.51,ACTIVE
SAT06277,-38.789095,-62.568792,5578.23,MAINTENANCE
SAT06278,69.379731,-50.034852,7439.12,INACTIVE
SAT06279,3.309721,36.999874,16391.53,MAINTENANCE
SAT06280,-14.639251,58.391682,3552.0,INACTIVE
SAT06281,-9.486043,-33.048525,17437.94,INACTIVE
SAT06282,80.346451,125.267563,4623.1,ACTIVE
SAT06283,40.430066,2.927936,26815.93,MAINTENANCE
SAT06284,55.978343,171.584705,24181.01,INACTIVE
SAT06285,56.713592,38.338037,28649.75,INACTIVE
SAT06286,29.742015,-22.668684,4509.15,ACTIVE
SAT06287,-48.12355,112.707356,9185.33,MAINTENANCE
SAT06288,81.199361,91.077356,22989.9,MAINTENANCE
SAT06289,77.002774,89.559271,2498.96,ACTIVE
SAT06290,-29.061022,-153.580097,23164.79,MAINTENANCE
SAT06291,-0.818262,-41.958358,13716.25,INACTIVE
SAT06292,13.160838,-2.052646,18982.09,MAINTENANCE
SAT06293,12.620568,176.959389,23131.87,MAINTENANCE
SAT06294,-69.759878,-71.383894,10773.43,MAINTENANCE
SAT06295,-52.375207,168.047617,28300.62,ACTIVE
SAT06296,-26.333642,58.137375,21555.25,MAINTENANCE
SAT06297,-32.615264,-107.988056,29790.15,INACTIVE
SAT06298,81.205106,-32.161509,27628.72,INACTIVE
SAT06299,-2.457933,28.88099,31322.11,INACTIVE
SAT06300,4.593209,-91.440234,7732.04,MAINTENANCE
SAT06301,45.857765,59.555366,19168.02,ACTIVE
SAT06302,85.697018,-49.117095,27559.04,ACTIVE
SAT06303,-11.100423,-13.187027,18645.28,ACTIVE
SAT06304,73.634819,-101.217693,11564.45,MAINTENANCE
SAT06305,18.323462,-32.22351,14159.95,INACTIVE
SAT06306,35.733933,147.436491,21465.05,ACTIVE
SAT06307,-70.858873,-120.512443,32713.89,INACTIVE
SAT06308,84.911133,-149.583887,16081.74,INACTIVE
SAT06309,24.615317,-52.767367,12421.43,ACTIVE
SAT06310,87.345234,-144.348386,19778.74,MAINTENANCE
SAT06311,41.674956,-42.275526,27999.35,MAINTENANCE
SAT06312,-12.560919,-82.020182,21562.18,MAINTENANCE
SAT06313,-21.571984,173.827826,20078.15,MAINTENANCE
SAT06314,-71.92165,118.959715,14637.24,ACTIVE
SAT06315,69.172539,-161.124858,29292.24,ACTIVE
SAT06316,4.251792,145.726606,13067.48,INACTIVE
SAT06317,-83.30637,81.742652,18251.77,MAINTENANCE
SAT06318,-71.308071,-36.839893,35040.45,ACTIVE
SAT06319,-9.003845,-53.859212,22402.64,MAINTENANCE
SAT06320,-9.308406,143.014712,28338.87,ACTIVE
SAT06321,-55.876716,-75.937491,381.39,ACTIVE
SAT06322,56.281842,-166.194769,34425.91,INACTIVE
SAT06323,45.688178,29.264182,34790.14,INACTIVE
SAT06324,73.450212,97.975347,2275.11,ACTIVE
SAT06325,-26.581072,-139.270024,320.06,MAINTENANCE
SAT06326,-23.796231,41.913455,11016.02,MAINTENANCE
SAT06327,-39.150508,84.256631,18901.07,ACTIVE
SAT06328,-55.497574,173.659672,28317.27,ACTIVE
SAT06329,-28.94432,121.238123,19084.84,INACTIVE
SAT06330,54.368733,167.206644,11303.19,INACTIVE
SAT06331,2.28086,76.390427,9285.41,MAINTENANCE
SAT06332,-38.32997,-79.218924,9129.43,INACTIVE
SAT06333,20.861775,6.127354,27600.14,MAINTENANCE
SAT06334,61.751958,-129.544541,11030.98,INACTIVE
SAT06335,-76.130053,79.388151,24391.42,INACTIVE
SAT06336,-20.619819,122.564114,9405.6,MAINTENANCE
SAT06337,17.509005,8.031059,10878.0,MAINTENANCE
SAT06338,-44.869823,59.441329,11701.03,MAINTENANCE
SAT06339,-73.394501,50.988913,4737.36,ACTIVE
SAT06340,-10.510469,171.940723,32442.7,INACTIVE
SAT06341,-14.87797,22.925945,31456.92,INACTIVE
SAT06342,-27.861682,-15.623364,25604.5,MAINTENANCE
SAT06343,62.370726,-30.176628,30335.9,MAINTENANCE
SAT06344,38.369855,-81.530887,19686.01,MAINTENANCE
SAT06345,-6.634068,127.776449,18883.23,ACTIVE
SAT06346,-32.600211,38.594157,10703.26,ACTIVE
SAT06347,-62.521541,135.707916,8168.7,MAINTENANCE
SAT06348,25.391242,14.83622,16298.31,ACTIVE
SAT06349,29.291184,-40.042556,11400.21,ACTIVE
SAT06350,32.444594,-66.967067,29752.75,ACTIVE
SAT06351,22.758202,-136.964125,21248.58,MAINTENANCE
SAT06352,-21.822889,-88.514216,7780.69,INACTIVE
SAT06353,17.370251,6.08537,8905.5,ACTIVE
SAT06354,-68.978154,132.539099,3263.1,ACTIVE
SAT06355,53.435522,-24.40996,4822.71,INACTIVE
SAT06356,37.321099,-38.778505,29469.85,INACTIVE
SAT06357,-88.246204,-174.850224,1051.76,INACTIVE
SAT06358,64.547538,-70.717748,8580.73,INACTIVE
SAT06359,-31.93167,78.842209,11929.43,INACTIVE
SAT06360,14.119692,-145.752679,15759.63,MAINTENANCE
SAT06361,70.769683,-133.171196,35135.07,MAINTENANCE
SAT06362,63.714527,86.651844,1798.14,ACTIVE
SAT06363,27.606676,153.398913,1680.62,ACTIVE
SAT06364,71.102123,6.137164,18317.08,MAINTENANCE
SAT06365,49.959028,-33.685434,21908.07,INACTIVE
SAT06366,-40.525734,88.610426,31398.7,MAINTENANCE
SAT06367,26.056698,-140.319702,5924.96,MAINTENANCE
SAT06368,-28.080151,23.651392,9667.27,ACTIVE
SAT06369,18.163828,-172.334388,33012.36,INACTIVE
SAT06370,44.337498,50.376435,32950.72,INACTIVE
SAT06371,-67.673077,-108.213893,18881.24,INACTIVE
SAT06372,-38.055985,73.907673,6183.83,INACTIVE
SAT06373,-23.732143,116.442413,34974.96,MAINTENANCE
SAT06374,-72.923123,143.544436,29629.25,INACTIVE
SAT06375,-71.096196,92.008318,25133.87,MAINTENANCE
SAT06376,13.418716,-113.322476,34159.88,MAINTENANCE
SAT06377,41.861089,44.078744,28485.17,MAINTENANCE
SAT06378,70.188687,-5.877005,4874.03,ACTIVE
SAT06379,82.507804,30.200292,32953.66,MAINTENANCE
SAT06380,-3.219708,-171.240431,17400.09,MAINTENANCE
SAT06381,72.505127,174.879513,29764.37,MAINTENANCE
SAT06382,-22.517636,153.824556,25042.46,ACTIVE
SAT06383,-75.037569,-97.946126,6121.12,INACTIVE
SAT06384,44.14272,-58.085656,21954.36,MAINTENANCE
SAT06385,-80.117063,-59.909456,5287.92,ACTIVE
SAT06386,-73.409224,-110.769508,7010.51,MAINTENANCE
SAT06387,57.652095,-138.230443,23671.74,INACTIVE
SAT06388,-30.317692,-60.828093,23911.96,MAINTENANCE
SAT06389,-75.309231,-40.925998,14393.22,MAINTENANCE
SAT06390,-3.754826,-119.083094,33460.11,ACTIVE
SAT06391,-73.899696,-121.653574,21465.85,INACTIVE
SAT06392,-26.24902,132.432542,7824.84,INACTIVE
SAT06393,-34.417011,115.479855,31873.75,ACTIVE
SAT06394,-87.292791,-150.91155,26087.18,INACTIVE
SAT06395,-61.481124,-130.979423,29674.03,INACTIVE
SAT06396,-71.513564,-70.649544,32172.94,INACTIVE
SAT06397,-53.711419,179.905252,17686.02,INACTIVE
SAT06398,83.331461,-169.249595,15281.43,MAINTENANCE
SAT06399,7.418555,-112.035737,30733.56,MAINTENANCE
SAT06400,-54.891361,101.63937,9702.61,INACTIVE
SAT06401,-27.639486,52.211757,15666.9,ACTIVE
SAT06402,-17.220554,106.400291,33815.67,INACTIVE
SAT06403,82.430943,-138.21482,11659.97,INACTIVE
SAT06404,43.285928,-139.071767,28013.32,ACTIVE
SAT06405,-72.922034,162.153613,2969.21,MAINTENANCE
SAT06406,17.774783,106.167551,24612.75,MAINTENANCE
SAT06407,-56.200651,105.083428,5298.26,MAINTENANCE
SAT06408,84.107692,-87.511985,6222.03,ACTIVE
SAT06409,83.899528,69.187264,31715.7,INACTIVE
SAT06410,85.762295,4.924447,9586.61,MAINTENANCE
SAT06411,-44.44917,61.471258,32324.62,ACTIVE
SAT06412,-24.603443,-95.226666,24843.34,ACTIVE
SAT06413,83.942962,-130.882077,3499.45,ACTIVE
SAT06414,53.621885,-67.932841,34487.25,ACTIVE
SAT06415,-23.980088,-179.298579,2136.44,ACTIVE
SAT06416,86.190039,-118.722336,33808.44,MAINTENANCE
SAT06417,-25.213692,-3.640143,17860.8,ACTIVE
SAT06418,-59.35779,-141.836774,10338.63,INACTIVE
SAT06419,89.668391,-114.817138,32996.1,ACTIVE
SAT06420,82.67322,26.766405,23293.54,INACTIVE
SAT06421,87.206138,131.474535,8477.47,ACTIVE
SAT06422,-45.30805,153.01397,30836.79,ACTIVE
SAT06423,-81.201075,-62.191369,14516.24,ACTIVE
SAT06424,-42.753383,1.445795,6161.2,MAINTENANCE
SAT06425,-0.337265,87.104849,3417.87,INACTIVE
SAT06426,84.970882,123.954361,29305.87,MAINTENANCE
SAT06427,-86.467635,-90.271603,24637.56,ACTIVE
SAT06428,63.24685,-122.17444,11198.39,ACTIVE
SAT06429,45.391726,150.012141,35386.91,ACTIVE
SAT06430,-47.313896,-161.70645,22140.93,MAINTENANCE
SAT06431,-87.642051,121.845185,23622.41,ACTIVE
SAT06432,73.569682,88.989832,31195.47,ACTIVE
SAT06433,-87.886813,20.980304,30963.34,MAINTENANCE
SAT06434,-52.453182,-89.471435,11993.19,MAINTENANCE
SAT06435,30.128416,12.728409,7716.28,INACTIVE
SAT06436,42.108237,-58.72497,11090.66,ACTIVE
SAT06437,49.136771,-69.2829,4836.47,ACTIVE
SAT06438,-78.441146,-70.363085,31785.1,MAINTENANCE
SAT06439,70.153053,37.531725,17163.22,ACTIVE
SAT06440,-39.167273,-76.04764,7309.51,MAINTENANCE
SAT06441,39.90321,-45.981667,12080.33,MAINTENANCE
SAT06442,-31.684567,-111.77437,9030.1,ACTIVE
SAT06443,6.714909,6.90691,28781.5,MAINTENANCE
SAT06444,54.555941,-135.001978,17869.74,MAINTENANCE
SAT06445,8.027802,-117.96469,19688.18,ACTIVE
SAT06446,-22.262331,108.443089,31727.74,MAINTENANCE
SAT06447,-63.205835,-123.717043,31192.89,MAINTENANCE
SAT06448,-5.306293,143.508787,8117.95,ACTIVE
SAT06449,70.100345,-23.969053,16543.09,ACTIVE
SAT06450,81.666428,-156.681716,18178.08,MAINTENANCE
SAT06451,-51.061396,41.375236,32086.54,ACTIVE
SAT06452,12.102809,-24.802445,24478.65,INACTIVE
SAT06453,21.97788,94.997198,2257.69,ACTIVE
SAT06454,86.479771,92.582397,3562.68,ACTIVE
SAT06455,-43.410344,-109.595965,33989.83,INACTIVE
SAT06456,9.805834,-168.100207,11544.34,ACTIVE
SAT06457,66.395281,46.63875,35790.1,ACTIVE
SAT06458,-21.708791,-112.299222,32012.58,MAINTENANCE
SAT06459,-22.940729,-109.14373,6896.97,INACTIVE
SAT06460,89.892623,-121.415605,8126.01,ACTIVE
SAT06461,9.237633,28.473378,10388.15,INACTIVE
SAT06462,77.899016,28.935049,19377.82,MAINTENANCE
SAT06463,23.730413,150.526849,4290.81,INACTIVE
SAT06464,15.550803,-115.504292,3450.52,INACTIVE
SAT06465,-83.482542,-146.520148,24569.4,ACTIVE
SAT06466,-21.41412,64.170104,10906.9,ACTIVE
SAT06467,-88.742729,-71.330836,9795.93,ACTIVE
SAT06468,46.246864,89.254143,318.5,MAINTENANCE
SAT06469,-21.685594,-132.14396,4567.55,MAINTENANCE
SAT06470,-37.49195,77.477837,27277.81,INACTIVE
SAT06471,10.835627,-120.969997,17233.72,MAINTENANCE
SAT06472,-31.265959,110.536746,19415.8,MAINTENANCE
SAT06473,-78.275676,-67.617962,30390.14,MAINTENANCE
SAT06474,41.526756,7.449789,12481.64,ACTIVE
SAT06475,-41.108064,93.091323,6832.06,INACTIVE
SAT06476,-61.514719,-138.929001,34310.29,ACTIVE
SAT06477,-86.163991,141.141648,7166.43,MAINTENANCE
SAT06478,59.751808,-32.696793,7495.86,MAINTENANCE
SAT06479,-62.31261,105.998485,27037.78,INACTIVE
SAT06480,-30.003805,87.047614,17046.21,MAINTENANCE
SAT06481,47.258128,-136.642466,17180.68,MAINTENANCE
SAT06482,48.659339,147.782697,16349.16,INACTIVE
SAT06483,-55.324735,95.235924,11162.26,MAINTENANCE
SAT06484,69.583269,111.811627,25802.26,ACTIVE
SAT06485,-4.647502,-34.23561,29009.94,MAINTENANCE
SAT06486,-72.133442,65.959786,11866.56,ACTIVE
SAT06487,-69.05676,-102.145892,12966.26,MAINTENANCE
SAT06488,-85.753193,-171.15755,1810.46,MAINTENANCE
SAT06489,6.784171,172.346439,5218.98,MAINTENANCE
SAT06490,78.267867,168.387906,1167.57,MAINTENANCE
SAT06491,86.476944,89.280064,7552.09,MAINTENANCE
SAT06492,-45.270723,120.752106,5397.34,MAINTENANCE
SAT06493,-14.607472,56.30311,22775.87,MAINTENANCE
SAT06494,-43.814145,37.443664,34735.91,ACTIVE
SAT06495,84.119677,33.701678,32313.35,ACTIVE
SAT06496,-68.406498,131.41857,33998.95,ACTIVE
SAT06497,85.251418,-120.897474,22562.92,ACTIVE
SAT06498,-42.670925,-165.517158,389.63,MAINTENANCE
SAT06499,-33.149602,117.103716,29085.83,MAINTENANCE
SAT06500,56.044426,64.578714,9461.17,ACTIVE
SAT06501,42.37243,32.261458,26254.95,MAINTENANCE
SAT06502,15.073246,51.808497,28915.08,MAINTENANCE
SAT06503,-12.307964,-110.270299,16830.61,MAINTENANCE
SAT06504,6.451902,178.138224,30322.04,MAINTENANCE
SAT06505,-55.234682,-167.028006,33724.5,MAINTENANCE
SAT06506,80.633928,135.947972,11943.27,INACTIVE
SAT06507,85.005229,18.019298,31914.42,ACTIVE
SAT06508,-87.313462,-160.139624,35838.36,MAINTENANCE
SAT06509,-40.935644,93.111951,17776.33,ACTIVE
SAT06510,83.324865,-132.178781,33149.2,ACTIVE
SAT06511,-80.488638,-137.558848,12908.77,MAINTENANCE
SAT06512,85.943172,19.524298,23997.87,MAINTENANCE
SAT06513,-53.70583,-148.279979,3829.0,INACTIVE
SAT06514,26.828633,-28.858021,2875.35,MAINTENANCE
SAT06515,54.989746,106.373536,17084.9,ACTIVE
SAT06516,21.145882,8.895459,9429.2,INACTIVE
SAT06517,-63.687997,9.209833,19223.87,INACTIVE
SAT06518,-43.130352,-139.632128,25904.53,ACTIVE
SAT06519,8.508544,94.70798,31301.3,MAINTENANCE
SAT06520,-62.899513,-114.009817,29756.03,MAINTENANCE
SAT06521,35.017829,-121.948898,34419.95,ACTIVE
SAT06522,-43.223258,48.703575,9433.32,MAINTENANCE
SAT06523,24.218318,121.645542,9519.07,INACTIVE
SAT06524,-52.796028,14.22898,13687.91,MAINTENANCE
SAT06525,36.909075,150.108928,14392.54,INACTIVE
SAT06526,-59.730643,42.156216,1439.55,ACTIVE
SAT06527,-62.076587,127.144279,12279.15,ACTIVE
SAT06528,-65.856618,157.402113,29017.24,ACTIVE
SAT06529,-78.309258,-156.701362,2367.42,ACTIVE
SAT06530,38.501746,-162.357593,6722.98,INACTIVE
SAT06531,-43.037224,-99.288849,16958.96,ACTIVE
SAT06532,-66.100976,121.149888,30808.14,INACTIVE
SAT06533,23.277518,-30.873877,30465.39,INACTIVE
SAT06534,-51.487919,3.582588,22360.54,MAINTENANCE
SAT06535,46.683765,-137.93482,18699.31,MAINTENANCE
SAT06536,25.658007,-79.726895,1871.7,ACTIVE
SAT06537,31.725324,82.818647,2354.4,ACTIVE
SAT06538,50.082415,165.769663,32931.76,MAINTENANCE
SAT06539,-64.658421,16.254069,14679.88,MAINTENANCE
SAT06540,32.061858,-139.829833,6805.16,INACTIVE
SAT06541,-53.811637,69.869322,10264.0,MAINTENANCE
SAT06542,-30.81014,-77.824087,10352.75,ACTIVE
SAT06543,-10.491346,-63.924789,29048.74,INACTIVE
SAT06544,-29.177375,-173.4644,11640.71,MAINTENANCE
SAT06545,-33.502608,57.192595,28945.22,MAINTENANCE
SAT06546,27.109398,-131.144193,4420.61,ACTIVE
SAT06547,-80.873925,29.610872,31577.51,ACTIVE
SAT06548,-70.52866,-148.53339,2532.76,INACTIVE
SAT06549,-28.960477,-27.717989,5940.21,MAINTENANCE
SAT06550,-34.565516,104.5883,30857.19,ACTIVE
SAT06551,-75.912404,-31.313863,19516.42,INACTIVE
SAT06552,69.006351,95.567957,258.48,MAINTENANCE
SAT06553,25.506963,-61.902883,3500.72,ACTIVE
SAT06554,-43.884073,59.501037,15176.53,INACTIVE
SAT06555,4.115587,-167.544841,15541.81,ACTIVE
SAT06556,-49.638787,-161.967026,11629.82,INACTIVE
SAT06557,68.917121,-10.934628,31285.89,MAINTENANCE
SAT06558,71.059508,150.945951,8086.43,ACTIVE
SAT06559,37.860937,-6.588594,3985.43,ACTIVE
SAT06560,-82.58084,-136.23061,9907.75,INACTIVE
SAT06561,-20.428856,76.091798,26505.8,ACTIVE
SAT06562,37.401922,8.628888,16714.22,ACTIVE
SAT06563,30.555394,-99.593926,19384.77,INACTIVE
SAT06564,-5.897309,-105.829342,29387.73,MAINTENANCE
SAT06565,-60.286785,-91.017155,31208.42,MAINTENANCE
SAT06566,-27.9954,-145.5539,7786.92,MAINTENANCE
SAT06567,-31.649828,29.272472,33530.35,MAINTENANCE
SAT06568,82.304206,174.945058,14034.58,MAINTENANCE
SAT06569,73.378372,-30.954859,28716.01,MAINTENANCE
SAT06570,21.325071,-74.913838,34581.2,INACTIVE
SAT06571,40.259271,90.092564,24013.96,ACTIVE
SAT06572,26.91668,64.837324,21122.13,INACTIVE
SAT06573,-65.350851,-144.67172,9567.27,ACTIVE
SAT06574,-40.271256,-64.122255,10812.37,MAINTENANCE
SAT06575,-43.453462,-4.810108,32082.6,INACTIVE
SAT06576,68.990262,-150.973702,11900.65,MAINTENANCE
SAT06577,-83.681549,131.105798,861.34,ACTIVE
SAT06578,-62.273065,-178.150088,9026.99,ACTIVE
SAT06579,-58.201522,-121.173533,31521.6,ACTIVE
SAT06580,-6.693518,103.711214,21402.25,MAINTENANCE
SAT06581,82.801905,87.255484,1179.51,INACTIVE
SAT06582,49.916223,165.993543,25858.83,INACTIVE
SAT06583,5.731705,-139.594105,13474.93,INACTIVE
SAT06584,-17.4326,110.701482,9422.72,INACTIVE
SAT06585,-21.362592,120.902662,27529.18,MAINTENANCE
SAT06586,78.093525,-9.578197,35125.69,MAINTENANCE
SAT06587,-27.453708,-0.647236,10347.57,ACTIVE
SAT06588,52.700334,101.510405,22418.75,MAINTENANCE
SAT06589,44.76844,146.47299,34822.26,ACTIVE
SAT06590,-27.202248,13.485421,10101.59,MAINTENANCE
SAT06591,60.862137,-141.533431,32828.72,MAINTENANCE
SAT06592,-36.788081,-84.323708,32199.53,MAINTENANCE
SAT06593,-66.522195,-30.912513,7749.8,INACTIVE
SAT06594,55.147969,52.022128,11041.12,MAINTENANCE
SAT06595,76.035359,47.735581,15086.91,INACTIVE
SAT06596,78.013925,97.194149,27920.3,MAINTENANCE
SAT06597,21.371468,-138.814891,20179.55,ACTIVE
SAT06598,37.230975,-84.356071,14633.08,MAINTENANCE
SAT06599,-29.046843,68.980082,33833.54,ACTIVE
SAT06600,-3.718946,40.145147,26182.96,INACTIVE
SAT06601,-23.931794,-102.795653,21927.77,ACTIVE
SAT06602,-20.273903,-24.292346,16331.71,MAINTENANCE
SAT06603,-45.773696,-56.14794,34531.36,ACTIVE
SAT06604,21.159451,166.951271,17592.48,INACTIVE
SAT06605,-30.734378,-92.859166,32709.98,INACTIVE
SAT06606,-54.092279,149.331096,26119.61,MAINTENANCE
SAT06607,-17.611406,15.678167,6513.76,MAINTENANCE
SAT06608,-9.964342,-81.874048,555.52,INACTIVE
SAT06609,50.879623,-88.334032,34183.76,ACTIVE
SAT06610,-16.300138,165.318144,1755.55,ACTIVE
SAT06611,-19.131528,89.172189,21441.87,ACTIVE
SAT06612,-39.343919,21.563166,10874.43,ACTIVE
SAT06613,-59.34546,76.701297,27421.97,INACTIVE
SAT06614,-40.376691,-9.134723,23870.42,INACTIVE
SAT06615,34.768958,-18.397189,3418.83,INACTIVE
SAT06616,-0.63582,35.895351,23452.62,MAINTENANCE
SAT06617,-4.763771,-22.145683,271.2,ACTIVE
SAT06618,-3.874506,65.425727,28652.77,INACTIVE
SAT06619,-15.194965,137.477284,24875.9,ACTIVE
SAT06620,55.908347,-50.70856,24827.03,ACTIVE
SAT06621,-81.509777,-5.774168,10829.33,ACTIVE
SAT06622,-7.449666,169.535027,26022.1,MAINTENANCE
SAT06623,80.534122,-85.630181,11853.78,INACTIVE
SAT06624,-80.965711,74.194661,21601.42,ACTIVE
SAT06625,-53.286351,118.809982,9241.51,MAINTENANCE
SAT06626,18.236158,-179.295126,14367.78,MAINTENANCE
SAT06627,71.697627,-60.712479,16231.73,ACTIVE
SAT06628,-19.403997,-1.291183,3375.47,INACTIVE
SAT06629,-38.535864,-38.556762,5412.47,ACTIVE
SAT06630,-26.298816,82.847095,1086.64,INACTIVE
SAT06631,66.531958,119.706282,20203.96,ACTIVE
SAT06632,-30.99521,126.729609,1577.03,INACTIVE
SAT06633,-74.727285,177.610298,34025.25,MAINTENANCE
SAT06634,82.304057,85.546395,26779.65,MAINTENANCE
SAT06635,12.844536,-178.05748,14288.58,ACTIVE
SAT06636,-29.128105,107.306367,5440.45,ACTIVE
SAT06637,-77.257423,-30.412732,3473.87,ACTIVE
SAT06638,-84.762353,160.530139,26815.16,ACTIVE
SAT06639,-82.255516,-42.601043,30545.02,ACTIVE
SAT06640,-44.934523,79.166572,11284.38,ACTIVE
SAT06641,15.71781,-17.791725,22436.44,INACTIVE
SAT06642,-81.872489,128.751005,12670.9,ACTIVE
SAT06643,78.782646,130.753745,2386.81,ACTIVE
SAT06644,14.386097,-106.295986,10249.82,ACTIVE
SAT06645,55.779883,91.439031,6450.55,INACTIVE
SAT06646,-51.204463,126.520074,6034.07,ACTIVE
SAT06647,-41.510687,-157.876423,34856.73,INACTIVE
SAT06648,-46.999732,-63.859639,1289.44,MAINTENANCE
SAT06649,80.791439,-22.861528,10062.48,MAINTENANCE
SAT06650,44.688002,-46.799084,11376.44,INACTIVE
SAT06651,50.212916,176.785432,24275.81,INACTIVE
SAT06652,26.84545,90.515278,27098.6,INACTIVE
SAT06653,51.915799,61.991002,27387.42,INACTIVE
SAT06654,85.828874,-21.570579,33338.37,MAINTENANCE
SAT06655,75.440059,75.565561,19153.71,MAINTENANCE
SAT06656,-34.93079,178.153051,21217.99,INACTIVE
SAT06657,-48.765707,-119.719709,30400.91,MAINTENANCE
SAT06658,67.056154,93.644768,31731.63,INACTIVE
SAT06659,75.552164,156.848357,1034.88,INACTIVE
SAT06660,81.27802,-68.70336,22583.42,INACTIVE
SAT06661,64.568976,78.61837,15030.79,ACTIVE
SAT06662,48.86108,-81.6584,30533.32,INACTIVE
SAT06663,-66.921139,50.240385,19047.97,ACTIVE
SAT06664,63.822994,106.752435,946.59,INACTIVE
SAT06665,-62.806556,-5.015371,6565.88,INACTIVE
SAT06666,-45.025322,-14.724996,6727.58,ACTIVE
SAT06667,-13.029103,-124.376239,8862.14,MAINTENANCE
SAT06668,-81.097749,-144.476951,5078.97,MAINTENANCE
SAT06669,62.880669,82.192019,23257.52,ACTIVE
SAT06670,-52.134696,24.224323,18577.2,INACTIVE
SAT06671,10.083767,-168.862767,13488.39,MAINTENANCE
SAT06672,-59.929002,147.93768,13083.39,ACTIVE
SAT06673,-5.737993,-148.831463,14916.76,MAINTENANCE
SAT06674,-19.119482,108.26507,31778.11,ACTIVE
SAT06675,-17.804804,155.445735,5789.79,ACTIVE
SAT06676,-34.959253,127.273145,16413.11,ACTIVE
SAT06677,20.96667,141.749465,31367.59,ACTIVE
SAT06678,57.091005,-37.34044,11991.41,ACTIVE
SAT06679,73.943154,-90.991101,543.88,ACTIVE
SAT06680,-85.588842,-161.087856,19109.91,ACTIVE
SAT06681,-83.571453,-75.262716,21798.55,INACTIVE
SAT06682,-31.875448,-17.743477,19870.47,MAINTENANCE
SAT06683,-55.90811,83.044465,8999.26,INACTIVE
SAT06684,54.194873,-109.588051,27070.37,MAINTENANCE
SAT06685,-87.609988,-143.940297,32055.75,ACTIVE
SAT06686,30.810507,-170.095589,27795.92,MAINTENANCE
SAT06687,-82.787286,40.998584,5703.94,INACTIVE
SAT06688,46.869125,147.170021,5297.1,INACTIVE
SAT06689,70.873662,24.506497,14217.5,MAINTENANCE
SAT06690,-85.487639,91.951014,32909.39,ACTIVE
SAT06691,6.057697,-17.484401,14293.15,ACTIVE
SAT06692,-32.312144,83.26892,25395.52,INACTIVE
SAT06693,-2.088424,-154.19624,26006.72,ACTIVE
SAT06694,-1.395396,-131.737132,15400.57,ACTIVE
SAT06695,51.051814,126.832111,22652.55,INACTIVE
SAT06696,-47.307255,-125.087443,32022.34,MAINTENANCE
SAT06697,13.072323,124.115343,4507.29,MAINTENANCE
SAT06698,-37.660872,-136.020753,32187.22,MAINTENANCE
SAT06699,-29.740973,106.984856,32091.22,ACTIVE
SAT06700,31.125904,-68.774307,9661.07,INACTIVE
SAT06701,28.88352,81.986151,23243.28,MAINTENANCE
SAT06702,-69.446418,-38.126831,6656.8,ACTIVE
SAT06703,-37.518011,-107.974989,14080.46,INACTIVE
SAT06704,-21.361246,37.037618,19040.05,MAINTENANCE
SAT06705,-42.796655,-163.783524,19181.64,ACTIVE
SAT06706,55.183325,-80.532174,29482.01,ACTIVE
SAT06707,51.685532,167.859722,18843.42,MAINTENANCE
SAT06708,-26.609478,-179.636736,14216.89,MAINTENANCE
SAT06709,-8.310197,52.413613,16998.16,INACTIVE
SAT06710,78.408514,140.292738,30424.88,INACTIVE
SAT06711,89.201515,83.322157,16745.86,INACTIVE
SAT06712,-64.82224,-2.638138,7885.97,ACTIVE
SAT06713,-75.738542,-82.556132,3861.73,ACTIVE
SAT06714,-81.568226,-153.365698,16023.64,INACTIVE
SAT06715,-65.782162,-41.381921,8213.66,INACTIVE
SAT06716,-76.929156,63.294651,35716.26,ACTIVE
SAT06717,-26.840123,12.5795,1270.24,INACTIVE
SAT06718,-5.269123,36.896362,20993.07,ACTIVE
SAT06719,-79.550668,-69.775518,3279.53,ACTIVE
SAT06720,-80.193216,-166.587528,1907.33,ACTIVE
SAT06721,-59.143479,54.763507,29103.55,INACTIVE
SAT06722,-36.648619,-17.042158,7504.4,ACTIVE
SAT06723,-49.862024,-106.578325,19528.75,ACTIVE
SAT06724,-19.889683,30.734834,14369.66,ACTIVE
SAT06725,-48.089665,-125.73294,33917.29,MAINTENANCE
SAT06726,-71.437988,-15.918509,16261.61,INACTIVE
SAT06727,21.050015,49.558618,12771.15,ACTIVE
SAT06728,33.612185,-101.980141,14818.18,ACTIVE
SAT06729,-77.294549,156.178353,34178.66,MAINTENANCE
SAT06730,68.097889,63.034968,32259.58,INACTIVE
SAT06731,-8.063368,37.250638,24870.45,INACTIVE
SAT06732,-4.20957,32.800066,2952.77,INACTIVE
SAT06733,-25.763285,92.018361,19411.73,INACTIVE
SAT06734,-73.359979,-133.743613,1939.74,ACTIVE
SAT06735,8.7085,-60.238294,16175.55,MAINTENANCE
SAT06736,22.306891,-96.432436,10861.36,MAINTENANCE
SAT06737,-58.257343,21.514683,352.32,INACTIVE
SAT06738,-0.844922,-63.241336,27133.98,MAINTENANCE
SAT06739,17.206159,-110.79607,10869.86,INACTIVE
SAT06740,-87.775412,-54.712691,5790.09,MAINTENANCE
SAT06741,8.859715,121.916182,19894.45,MAINTENANCE
SAT06742,-24.93641,-51.64177,24097.45,ACTIVE
SAT06743,70.415961,-19.563713,29041.86,MAINTENANCE
SAT06744,64.344578,45.503553,7862.02,ACTIVE
SAT06745,69.402494,-91.57129,1008.75,MAINTENANCE
SAT06746,26.815126,-176.054712,7242.52,ACTIVE
SAT06747,-86.282985,101.482738,15846.2,INACTIVE
SAT06748,21.017923,66.760621,31209.43,INACTIVE
SAT06749,41.358108,139.339522,13353.33,ACTIVE
SAT06750,-76.401905,167.982991,8954.53,MAINTENANCE
SAT06751,4.400997,24.550283,17840.86,MAINTENANCE
SAT06752,-12.859198,-132.239639,31324.07,MAINTENANCE
SAT06753,-31.415614,167.173151,15082.78,INACTIVE
SAT06754,-60.397471,-1.266535,8448.99,INACTIVE
SAT06755,-83.133297,177.643034,13511.19,INACTIVE
SAT06756,15.905616,-131.012601,25901.27,ACTIVE
SAT06757,50.563244,41.424426,30918.33,INACTIVE
SAT06758,-17.063675,-27.778388,10223.41,MAINTENANCE
SAT06759,-24.754255,163.833315,31115.06,MAINTENANCE
SAT06760,65.478202,66.178555,33282.28,MAINTENANCE
SAT06761,10.293551,123.430445,11858.63,INACTIVE
SAT06762,18.552187,-124.572357,35668.37,MAINTENANCE
SAT06763,22.658902,-11.474392,33524.06,ACTIVE
SAT06764,-55.494057,41.889238,11507.79,MAINTENANCE
SAT06765,82.625156,-64.564823,12768.27,ACTIVE
SAT06766,-81.22542,129.883013,30631.53,MAINTENANCE
SAT06767,-33.200657,84.398754,23178.1,MAINTENANCE
SAT06768,58.066367,99.151961,9000.75,MAINTENANCE
SAT06769,-5.727899,-12.313851,30188.62,ACTIVE
SAT06770,13.661049,-102.747918,27594.66,ACTIVE
SAT06771,-34.880021,50.008096,22758.17,ACTIVE
SAT06772,-89.40686,-139.146314,11718.69,ACTIVE
SAT06773,-67.608881,-134.404754,17587.58,MAINTENANCE
SAT06774,44.71743,25.330789,29160.01,INACTIVE
SAT06775,50.110169,145.364728,27993.07,MAINTENANCE
SAT06776,10.464512,-68.47957,18659.39,ACTIVE
SAT06777,21.507156,68.12539,10153.42,ACTIVE
SAT06778,-5.738639,31.534466,12804.35,MAINTENANCE
SAT06779,-27.419903,-94.070117,34557.94,INACTIVE
SAT06780,62.885382,113.075073,22295.01,INACTIVE
SAT06781,-31.922599,42.627504,8949.64,MAINTENANCE
SAT06782,-31.293168,-28.047026,22366.97,ACTIVE
SAT06783,57.068234,46.94752,781.69,INACTIVE
SAT06784,-68.779945,-177.202913,3000.79,INACTIVE
SAT06785,-63.255773,-159.337278,31149.89,ACTIVE
SAT06786,74.07891,-28.482051,33613.46,MAINTENANCE
SAT06787,13.336079,75.39046,16187.31,ACTIVE
SAT06788,20.941905,81.305103,8640.43,ACTIVE
SAT06789,74.786777,43.875082,25823.51,INACTIVE
SAT06790,36.625028,-100.151643,2523.65,INACTIVE
SAT06791,59.971176,121.915231,19959.68,INACTIVE
SAT06792,68.049304,154.383965,24057.99,ACTIVE
SAT06793,-32.152246,-19.563248,27622.48,MAINTENANCE
SAT06794,56.783484,99.85846,8900.21,INACTIVE
SAT06795,-63.02649,52.195499,21752.85,ACTIVE
SAT06796,54.091525,-61.816992,26731.17,MAINTENANCE
SAT06797,-65.631801,42.552845,29214.66,ACTIVE
SAT06798,-29.551189,129.415742,22214.55,INACTIVE
SAT06799,4.679053,-47.151834,29780.81,MAINTENANCE
SAT06800,24.16572,-150.704491,2214.74,MAINTENANCE
SAT06801,-25.471569,-156.74608,12894.44,MAINTENANCE
SAT06802,-31.484891,102.401964,4611.76,MAINTENANCE
SAT06803,89.831165,-150.201473,17163.39,INACTIVE
SAT06804,16.858932,153.916926,8413.69,ACTIVE
SAT06805,48.623529,80.709604,24865.76,INACTIVE
SAT06806,69.373159,63.552659,10560.16,MAINTENANCE
SAT06807,-82.735735,-50.486496,32346.96,MAINTENANCE
SAT06808,42.083821,160.494598,3360.42,ACTIVE
SAT06809,-24.247878,-136.035968,28668.76,INACTIVE
SAT06810,6.029955,-52.877761,32578.65,INACTIVE
SAT06811,2.998945,17.850793,5386.62,MAINTENANCE
SAT06812,-46.132465,-94.623312,21216.27,ACTIVE
SAT06813,3.967544,108.623816,818.64,ACTIVE
SAT06814,-17.615313,128.891357,5732.04,ACTIVE
SAT06815,-74.68217,-58.272233,25648.48,ACTIVE
SAT06816,41.959202,-31.750351,34777.27,INACTIVE
SAT06817,24.991608,34.193648,14914.09,INACTIVE
SAT06818,36.649797,-65.145158,15238.11,INACTIVE
SAT06819,-83.31068,-3.238307,13098.36,INACTIVE
SAT06820,-59.095506,-135.003336,30972.66,INACTIVE
SAT06821,76.661694,161.046372,11961.83,INACTIVE
SAT06822,4.084714,114.659512,20762.84,MAINTENANCE
SAT06823,74.509047,-39.099247,1698.11,ACTIVE
SAT06824,51.58762,40.533372,7144.07,ACTIVE
SAT06825,-45.243315,-96.379624,24318.28,MAINTENANCE
SAT06826,-85.079782,-75.299922,19294.41,ACTIVE
SAT06827,-63.472542,-2.2886,22867.2,ACTIVE
SAT06828,0.859974,159.052513,2292.08,MAINTENANCE
SAT06829,-69.417129,97.809661,29843.51,ACTIVE
SAT06830,-26.400723,110.767255,6847.48,MAINTENANCE
SAT06831,-10.531838,105.702021,28303.7,INACTIVE
SAT06832,-43.873069,-112.385376,33350.82,MAINTENANCE
SAT06833,87.343388,-121.885297,33649.87,ACTIVE
SAT06834,47.206635,80.888603,27082.41,MAINTENANCE
SAT06835,-36.386596,-142.870205,13544.77,INACTIVE
SAT06836,-74.541689,97.705717,31883.31,ACTIVE
SAT06837,-60.838973,125.672044,19590.56,MAINTENANCE
SAT06838,30.644107,-90.974573,24472.12,MAINTENANCE
SAT06839,-76.394146,104.621574,22486.88,ACTIVE
SAT06840,61.935295,167.189252,18834.82,INACTIVE
SAT06841,66.096855,-128.878476,31016.57,MAINTENANCE
SAT06842,2.94981,116.624554,18513.55,MAINTENANCE
SAT06843,-52.387222,176.338313,33231.65,INACTIVE
SAT06844,-22.488595,26.494087,8959.92,ACTIVE
SAT06845,-42.997671,0.040548,7183.86,MAINTENANCE
SAT06846,66.726568,-68.522469,10387.16,INACTIVE
SAT06847,-24.571746,132.401679,4054.0,INACTIVE
SAT06848,24.30197,15.036383,20018.47,MAINTENANCE
SAT06849,89.468774,31.883835,34861.34,ACTIVE
SAT06850,42.237489,-131.273967,9076.97,INACTIVE
SAT06851,-74.443757,-67.248596,29429.84,MAINTENANCE
SAT06852,59.689004,142.244694,34690.85,INACTIVE
SAT06853,-0.557987,-24.542803,34324.57,INACTIVE
SAT06854,70.919514,40.231585,21409.48,ACTIVE
SAT06855,72.252097,-49.244166,33607.23,ACTIVE
SAT06856,22.356975,-119.779417,17715.95,ACTIVE
SAT06857,-84.525521,52.428108,10847.57,INACTIVE
SAT06858,-14.819535,94.962585,19570.56,INACTIVE
SAT06859,-78.234611,-62.564834,17361.23,ACTIVE
SAT06860,9.089328,-153.041854,1433.68,ACTIVE
SAT06861,81.15536,103.271608,16243.19,MAINTENANCE
SAT06862,50.907461,-109.024789,2682.37,MAINTENANCE
SAT06863,29.053006,92.189877,19137.32,INACTIVE
SAT06864,-89.259715,126.162851,13959.18,ACTIVE
SAT06865,59.639512,-95.680181,32771.69,INACTIVE
SAT06866,29.561168,74.934781,5686.22,INACTIVE
SAT06867,7.293651,-97.36286,8244.52,INACTIVE
SAT06868,66.704595,37.324183,18891.49,ACTIVE
SAT06869,-5.099675,-76.32222,34505.85,ACTIVE
SAT06870,4.704206,-43.43217,18914.88,ACTIVE
SAT06871,16.174087,-144.002148,35546.69,MAINTENANCE
SAT06872,-87.817623,-36.746678,3025.56,ACTIVE
SAT06873,86.692497,-11.43891,31700.92,MAINTENANCE
SAT06874,58.156463,141.029765,2582.85,INACTIVE
SAT06875,-85.387025,123.445261,15318.83,INACTIVE
SAT06876,-82.455712,-79.621416,24205.51,MAINTENANCE
SAT06877,-69.826854,-113.66768,16554.13,INACTIVE
SAT06878,43.654927,-90.554037,28037.25,MAINTENANCE
SAT06879,25.903964,-79.563917,18861.38,ACTIVE
SAT06880,59.3571,11.369542,18759.63,MAINTENANCE
SAT06881,25.641217,42.87765,30618.59,ACTIVE
SAT06882,-69.168703,94.293312,1950.1,ACTIVE
SAT06883,5.584872,-83.118148,8086.35,MAINTENANCE
SAT06884,-3.132701,-58.739775,1283.76,MAINTENANCE
SAT06885,-42.312219,-108.0422,10887.21,ACTIVE
SAT06886,-37.787803,-41.488174,21276.81,INACTIVE
SAT06887,0.292828,160.766334,35374.02,MAINTENANCE
SAT06888,7.030274,-71.748987,25430.54,ACTIVE
SAT06889,-21.631184,81.55571,29484.91,MAINTENANCE
SAT06890,-32.504164,103.618254,5758.54,INACTIVE
SAT06891,3.073305,104.683629,14148.48,MAINTENANCE
SAT06892,34.522895,153.341683,4553.5,MAINTENANCE
SAT06893,-52.306869,66.45353,23776.73,INACTIVE
SAT06894,-8.52916,-90.696028,33362.19,ACTIVE
SAT06895,63.57613,-150.97175,25903.26,MAINTENANCE
SAT06896,47.785501,-104.02572,17338.62,INACTIVE
SAT06897,-5.562515,70.249972,445.29,MAINTENANCE
SAT06898,18.649635,151.185745,5103.19,ACTIVE
SAT06899,-63.108858,142.607894,7286.03,INACTIVE
SAT06900,12.551488,-19.301051,1378.91,ACTIVE
SAT06901,5.473549,80.122241,6490.19,INACTIVE
SAT06902,83.589868,-154.102098,27630.89,MAINTENANCE
SAT06903,2.991525,79.261994,678.46,ACTIVE
SAT06904,22.14981,70.741035,16704.65,INACTIVE
SAT06905,-86.700101,-174.959761,16054.61,MAINTENANCE
SAT06906,27.823601,-176.428315,18883.04,MAINTENANCE
SAT06907,-78.909254,47.302071,3769.33,MAINTENANCE
SAT06908,-65.384613,-105.023937,30125.91,MAINTENANCE
SAT06909,30.965039,-84.796097,24832.86,INACTIVE
SAT06910,-34.781036,-65.007953,22876.03,INACTIVE
SAT06911,-74.070805,31.021863,11900.86,INACTIVE
SAT06912,-89.269385,-109.410796,16591.89,ACTIVE
SAT06913,-21.626055,-69.943251,18510.05,ACTIVE
SAT06914,21.64,107.758826,15304.35,ACTIVE
SAT06915,-52.59614,8.17853,1642.22,ACTIVE
SAT06916,27.374635,152.576876,3055.53,ACTIVE
SAT06917,-40.481474,120.75515,28550.88,MAINTENANCE
SAT06918,82.397146,59.929141,12511.21,INACTIVE
SAT06919,-40.791972,105.599335,25007.99,ACTIVE
SAT06920,70.676257,-64.343713,2182.98,ACTIVE
SAT06921,44.222283,51.219712,22384.68,MAINTENANCE
SAT06922,-81.337599,110.471521,13480.19,MAINTENANCE
SAT06923,34.482319,-177.55973,19290.12,INACTIVE
SAT06924,5.491776,126.124577,23108.16,MAINTENANCE
SAT06925,-68.568847,-178.957231,34116.72,ACTIVE
SAT06926,-70.507993,30.39813,5533.73,ACTIVE
SAT06927,-86.915897,-3.872819,33860.07,MAINTENANCE
SAT06928,66.691612,-110.454821,28276.0,INACTIVE
SAT06929,62.082498,-146.25874,19370.72,MAINTENANCE
SAT06930,86.877065,143.886882,618.03,MAINTENANCE
SAT06931,-37.103536,-81.872776,3521.66,MAINTENANCE
SAT06932,62.186143,-33.830801,509.28,ACTIVE
SAT06933,36.961846,19.568381,34529.48,INACTIVE
SAT06934,-75.345869,-73.432399,2324.55,ACTIVE
SAT06935,-59.796825,-127.735687,9087.32,MAINTENANCE
SAT06936,-65.878082,13.252779,8832.26,INACTIVE
SAT06937,-59.632726,111.588924,33107.19,MAINTENANCE
SAT06938,-71.574471,-13.789846,20352.43,ACTIVE
SAT06939,25.437999,139.685625,32674.31,MAINTENANCE
SAT06940,29.400269,36.139296,27732.77,MAINTENANCE
SAT06941,13.296806,109.149413,30601.27,INACTIVE
SAT06942,-52.467771,-16.116484,8724.6,INACTIVE
SAT06943,-23.80768,31.625169,35451.86,MAINTENANCE
SAT06944,-13.150107,-126.368012,22291.36,ACTIVE
SAT06945,-3.20955,158.496763,26296.13,INACTIVE
SAT06946,-36.906211,59.215338,34504.85,INACTIVE
SAT06947,-42.61347,146.383765,22602.94,INACTIVE
SAT06948,-48.23639,-122.678317,33596.49,MAINTENANCE
SAT06949,-81.074151,-87.941547,35172.33,INACTIVE
SAT06950,81.79109,63.560086,18523.21,ACTIVE
SAT06951,85.272186,-19.373429,30285.11,MAINTENANCE
SAT06952,65.766999,27.290104,10699.29,INACTIVE
SAT06953,58.444412,13.506775,22552.15,ACTIVE
SAT06954,-33.186201,15.29257,9834.22,ACTIVE
SAT06955,-27.444904,-45.500003,33735.19,ACTIVE
SAT06956,39.78306,-59.457689,15232.53,MAINTENANCE
SAT06957,67.056477,-73.118526,12672.26,MAINTENANCE
SAT06958,24.576195,-152.984592,8669.14,MAINTENANCE
SAT06959,74.734377,84.228377,22015.06,INACTIVE
SAT06960,-36.972633,-46.328553,7073.48,ACTIVE
SAT06961,-71.135718,71.625883,7588.19,INACTIVE
SAT06962,81.343621,-115.2462,2098.86,ACTIVE
SAT06963,82.725386,115.125714,18194.09,ACTIVE
SAT06964,14.45605,-139.394238,22491.02,INACTIVE
SAT06965,-8.955032,99.145341,15536.43,ACTIVE
SAT06966,89.940959,161.474061,468.27,ACTIVE
SAT06967,13.613813,-133.430915,3097.48,MAINTENANCE
SAT06968,-20.59164,162.755976,9046.82,ACTIVE
SAT06969,33.138609,90.66906,27922.58,INACTIVE
SAT06970,-61.721658,115.481944,27499.65,ACTIVE
SAT06971,56.671031,78.849747,27138.23,ACTIVE
SAT06972,-8.826501,158.804162,31321.07,INACTIVE
SAT06973,-11.108351,-72.62759,706.7,ACTIVE
SAT06974,-63.967693,-7.918119,25875.92,INACTIVE
SAT06975,60.794965,118.749239,28177.47,MAINTENANCE
SAT06976,6.54976,72.065452,24480.78,ACTIVE
SAT06977,-67.462248,-23.56198,25628.18,ACTIVE
SAT06978,63.519934,-3.849576,34528.86,MAINTENANCE
SAT06979,-36.553187,72.610718,34533.82,ACTIVE
SAT06980,44.492531,6.130592,1235.66,ACTIVE
SAT06981,-88.929088,-47.661365,27832.02,MAINTENANCE
SAT06982,66.529381,50.448667,33564.76,MAINTENANCE
SAT06983,-70.936048,-68.256375,22043.46,INACTIVE
SAT06984,29.231084,-30.034283,26612.81,ACTIVE
SAT06985,2.752489,-40.276952,8577.27,INACTIVE
SAT06986,71.815956,-94.55421,21397.45,INACTIVE
SAT06987,51.702025,-127.246434,18872.47,ACTIVE
SAT06988,-71.887566,1.964612,14313.28,ACTIVE
SAT06989,-67.102651,29.09779,8553.01,INACTIVE
SAT06990,73.585704,115.957165,23709.57,MAINTENANCE
SAT06991,-69.379987,-146.90148,25416.42,ACTIVE
SAT06992,-65.857517,-69.061993,29804.68,ACTIVE
SAT06993,76.55043,29.190542,28510.91,INACTIVE
SAT06994,2.950116,-13.949513,31753.69,INACTIVE
SAT06995,59.054261,-108.616119,24531.28,MAINTENANCE
SAT06996,9.478846,130.304218,12786.78,MAINTENANCE
SAT06997,12.231242,-110.347583,11642.33,ACTIVE
SAT06998,-2.333981,-176.570613,8129.16,ACTIVE
SAT06999,-31.564427,80.810403,28139.15,MAINTENANCE
SAT07000,-83.332846,135.110708,34476.63,INACTIVE
SAT07001,39.120328,60.290063,11216.03,MAINTENANCE
SAT07002,-82.845788,61.90136,35398.52,ACTIVE
SAT07003,-5.097488,-67.93989,11548.21,ACTIVE
SAT07004,24.539115,34.503701,5156.74,INACTIVE
SAT07005,7.026845,-140.795887,35886.01,MAINTENANCE
SAT07006,-69.739981,-11.601647,27702.14,ACTIVE
SAT07007,38.444094,167.914805,17274.39,INACTIVE
SAT07008,82.292008,113.759542,18623.0,MAINTENANCE
SAT07009,-59.973277,84.772721,7635.71,INACTIVE
SAT07010,-18.428868,-126.143734,24136.01,INACTIVE
SAT07011,70.398191,73.86863,29390.96,MAINTENANCE
SAT07012,-70.35063,-40.653241,34674.15,INACTIVE
SAT07013,-27.983222,116.945159,815.34,MAINTENANCE
SAT07014,89.628092,47.421981,2708.67,ACTIVE
SAT07015,15.363053,60.549897,16588.57,INACTIVE
SAT07016,-59.525057,76.57031,25289.44,INACTIVE
SAT07017,9.983838,166.410006,23117.18,MAINTENANCE
SAT07018,-12.352885,-178.909414,22822.28,INACTIVE
SAT07019,6.633219,-40.497379,30540.03,MAINTENANCE
SAT07020,6.550315,-99.104914,25724.54,INACTIVE
SAT07021,-59.872623,61.70496,29986.36,INACTIVE
SAT07022,-62.840129,80.247189,35611.84,ACTIVE
SAT07023,-40.481756,-36.145703,23887.78,ACTIVE
SAT07024,0.449774,-174.500934,4587.88,MAINTENANCE
SAT07025,3.189363,74.538034,24338.11,ACTIVE
SAT07026,37.871404,101.686768,11641.34,INACTIVE
SAT07027,56.881012,-132.454442,1658.32,INACTIVE
SAT07028,49.412144,-164.929271,5025.6,ACTIVE
SAT07029,20.199745,-17.598786,12346.36,MAINTENANCE
SAT07030,59.967387,9.383751,23184.66,ACTIVE
SAT07031,-48.810651,-169.982714,19946.27,MAINTENANCE
SAT07032,-29.952364,115.086507,27291.85,INACTIVE
SAT07033,-41.775071,-13.877868,22154.23,INACTIVE
SAT07034,9.375756,79.107293,35677.32,INACTIVE
SAT07035,61.687063,120.581017,3445.56,INACTIVE
SAT07036,-28.105493,-150.832272,1395.67,MAINTENANCE
SAT07037,-63.718405,10.159898,8380.84,MAINTENANCE
SAT07038,17.498757,-13.799128,1654.0,ACTIVE
SAT07039,26.550028,135.295073,28382.08,INACTIVE
SAT07040,72.428491,-26.200992,4402.51,MAINTENANCE
SAT07041,50.173872,-0.019465,25779.65,MAINTENANCE
SAT07042,72.411302,-140.211074,8813.14,MAINTENANCE
SAT07043,-26.588382,114.686674,24025.89,INACTIVE
SAT07044,-62.372201,152.660651,8419.4,ACTIVE
SAT07045,-61.012151,9.081397,8668.54,INACTIVE
SAT07046,-58.351096,-113.289327,19531.57,INACTIVE
SAT07047,52.303093,-169.684006,14194.64,MAINTENANCE
SAT07048,-50.561531,120.882434,27959.27,ACTIVE
SAT07049,-78.107738,19.618123,8236.88,INACTIVE
SAT07050,-69.61723,20.243534,10716.59,INACTIVE
SAT07051,-57.073639,-162.558509,6385.76,ACTIVE
SAT07052,-89.166437,99.734979,24125.24,MAINTENANCE
SAT07053,54.655322,-107.734878,6726.71,ACTIVE
SAT07054,60.526546,-104.727823,4764.32,ACTIVE
SAT07055,-23.355847,72.018582,20492.87,MAINTENANCE
SAT07056,-37.846968,-29.912295,35090.46,ACTIVE
SAT07057,66.37859,54.946142,29919.86,ACTIVE
SAT07058,-80.948417,-128.032775,15032.54,ACTIVE
SAT07059,-80.852845,170.550416,14816.61,INACTIVE
SAT07060,42.443569,-75.10485,17874.84,MAINTENANCE
SAT07061,61.666965,26.941907,23042.32,MAINTENANCE
SAT07062,7.886066,-139.323399,10634.03,ACTIVE
SAT07063,6.409362,1.559803,32733.44,MAINTENANCE
SAT07064,43.292357,125.330936,18388.96,ACTIVE
SAT07065,-65.570498,-73.248888,4071.0,INACTIVE
SAT07066,-58.533338,-8.250859,13953.15,ACTIVE
SAT07067,43.03882,-148.372508,14960.45,ACTIVE
SAT07068,29.744771,87.819357,32770.79,MAINTENANCE
SAT07069,33.271213,-77.509018,26801.26,MAINTENANCE
SAT07070,71.146424,-88.656597,11675.24,ACTIVE
SAT07071,-1.516198,147.035261,11231.84,MAINTENANCE
SAT07072,-60.920047,-162.521562,34392.6,MAINTENANCE
SAT07073,64.845193,54.693884,5330.08,ACTIVE
SAT07074,-78.123737,27.099295,10795.03,MAINTENANCE
SAT07075,61.636497,-168.711578,35341.54,ACTIVE
SAT07076,4.278477,81.048279,17579.83,ACTIVE
SAT07077,-79.600378,-167.441731,30236.34,MAINTENANCE
SAT07078,-14.474614,-110.643539,34167.68,ACTIVE
SAT07079,-15.225027,104.873088,14338.18,ACTIVE
SAT07080,-79.498143,-106.366633,27304.45,INACTIVE
SAT07081,43.758825,-96.24116,3247.89,ACTIVE
SAT07082,24.204583,99.545203,15989.68,INACTIVE
SAT07083,59.744827,-7.981521,12092.12,ACTIVE
SAT07084,-50.725813,10.205599,20643.27,MAINTENANCE
SAT07085,-57.188756,49.239289,12401.5,INACTIVE
SAT07086,45.966167,-8.520686,34776.46,ACTIVE
SAT07087,62.742019,-123.758393,22557.29,MAINTENANCE
SAT07088,16.1408,46.035926,4814.27,INACTIVE
SAT07089,-88.106124,-161.495127,30455.95,INACTIVE
SAT07090,-25.221044,65.01162,32994.82,MAINTENANCE
SAT07091,2.044,-10.146797,23272.33,MAINTENANCE
SAT07092,-45.671272,35.629261,4941.07,ACTIVE
SAT07093,-84.791405,-27.683649,14938.83,ACTIVE
SAT07094,-45.132409,167.343095,32224.72,ACTIVE
SAT07095,-31.504404,53.638942,34594.1,ACTIVE
SAT07096,25.190877,-91.579879,11840.96,MAINTENANCE
SAT07097,-14.555305,-136.563537,7635.72,MAINTENANCE
SAT07098,20.398225,-154.997275,25929.54,ACTIVE
SAT07099,22.325274,-159.14671,10390.22,INACTIVE
SAT07100,74.102794,-152.979937,34969.61,INACTIVE
SAT07101,30.294042,-170.164738,20578.06,MAINTENANCE
SAT07102,-23.903175,132.556989,27547.13,INACTIVE
SAT07103,11.630766,-85.835527,14495.17,ACTIVE
SAT07104,11.870873,-22.728736,25044.05,ACTIVE
SAT07105,1.605439,50.198472,14412.98,MAINTENANCE
SAT07106,32.804466,37.605136,8163.56,INACTIVE
SAT07107,-53.636528,145.163275,25241.6,INACTIVE
SAT07108,-52.717945,5.132168,20559.89,INACTIVE
SAT07109,-32.112466,-137.689478,3347.98,INACTIVE
SAT07110,-73.635586,3.030883,13170.92,MAINTENANCE
SAT07111,50.68842,-87.165548,26092.92,MAINTENANCE
SAT07112,-17.316762,-81.79659,33975.26,MAINTENANCE
SAT07113,89.159175,149.328491,1917.56,ACTIVE
SAT07114,-72.289579,-71.915318,10321.75,INACTIVE
SAT07115,15.840807,-4.266408,1683.43,ACTIVE
SAT07116,13.894773,55.529282,30199.95,INACTIVE
SAT07117,73.078285,59.31863,12691.01,ACTIVE
SAT07118,-36.527078,179.514122,33971.95,ACTIVE
SAT07119,-4.733751,-173.085432,20906.08,INACTIVE
SAT07120,6.644387,79.912759,28142.38,ACTIVE
SAT07121,-48.551131,-101.480507,11190.41,ACTIVE
SAT07122,-52.007363,5.495689,6109.52,INACTIVE
SAT07123,30.847502,44.952572,30900.07,MAINTENANCE
SAT07124,-71.823885,25.546951,20672.84,INACTIVE
SAT07125,89.026843,-104.419499,33995.17,MAINTENANCE
SAT07126,-67.735309,-52.794506,4447.83,INACTIVE
SAT07127,15.927699,-25.286757,33351.53,ACTIVE
SAT07128,-83.557369,-46.208597,11112.34,INACTIVE
SAT07129,-83.867582,-95.39167,7046.81,MAINTENANCE
SAT07130,-57.243451,36.224224,17907.79,MAINTENANCE
SAT07131,-13.606735,146.633371,772.28,ACTIVE
SAT07132,68.574915,60.224142,6668.58,ACTIVE
SAT07133,62.000026,53.717505,34062.91,INACTIVE
SAT07134,-86.75581,-14.195053,32588.26,ACTIVE
SAT07135,-87.937881,-15.678821,27668.93,ACTIVE
SAT07136,14.392842,-21.709348,13356.91,INACTIVE
SAT07137,32.001299,46.211532,2801.72,ACTIVE
SAT07138,68.587907,-33.050974,6415.82,MAINTENANCE
SAT07139,20.066456,30.592327,26377.97,MAINTENANCE
SAT07140,65.267626,-158.639036,6934.12,MAINTENANCE
SAT07141,59.769899,27.519313,22012.23,ACTIVE
SAT07142,-89.036372,-103.831575,24683.68,INACTIVE
SAT07143,19.214642,118.785516,3456.65,MAINTENANCE
SAT07144,-29.773352,147.907791,27572.55,MAINTENANCE
SAT07145,48.605503,14.317514,29354.14,MAINTENANCE
SAT07146,-52.506499,-32.673633,35418.53,ACTIVE
SAT07147,25.223718,18.630485,16273.82,MAINTENANCE
SAT07148,-32.320143,-54.262757,35247.04,ACTIVE
SAT07149,-59.981003,52.573841,20025.95,ACTIVE
SAT07150,63.938605,28.413188,35321.48,MAINTENANCE
SAT07151,42.52388,38.528337,34611.39,MAINTENANCE
SAT07152,-35.435347,-95.260016,18553.08,MAINTENANCE
SAT07153,72.807429,-6.723892,2124.56,INACTIVE
SAT07154,-81.212965,-75.428023,30424.09,MAINTENANCE
SAT07155,-29.098334,-42.38109,24123.13,ACTIVE
SAT07156,-29.601261,-57.865284,25345.42,INACTIVE
SAT07157,-34.047867,89.054593,1598.67,ACTIVE
SAT07158,86.895906,29.16271,865.19,ACTIVE
SAT07159,74.826494,-147.306344,22742.71,INACTIVE
SAT07160,-12.553484,-127.014918,4851.95,MAINTENANCE
SAT07161,-74.594831,1.381007,1347.75,INACTIVE
SAT07162,8.064399,14.93186,25482.75,INACTIVE
SAT07163,49.637331,-30.086806,29228.7,INACTIVE
SAT07164,3.119255,146.907648,21331.0,ACTIVE
SAT07165,8.565226,69.097247,34333.48,INACTIVE
SAT07166,44.135401,101.011134,1466.88,MAINTENANCE
SAT07167,-11.086734,-146.060833,7147.66,INACTIVE
SAT07168,18.816103,-19.128421,14666.46,MAINTENANCE
SAT07169,39.534564,106.720041,28021.61,INACTIVE
SAT07170,87.438391,34.271365,4321.12,MAINTENANCE
SAT07171,-9.898512,-125.556936,18783.83,MAINTENANCE
SAT07172,29.437926,123.924957,13744.07,MAINTENANCE
SAT07173,7.933812,38.143309,25072.44,INACTIVE
SAT07174,87.064743,55.781281,21340.93,ACTIVE
SAT07175,-78.444414,-12.184263,20518.15,INACTIVE
SAT07176,79.284006,139.036096,27553.35,MAINTENANCE
SAT07177,55.986831,104.134304,2559.07,INACTIVE
SAT07178,-23.402524,-112.048191,6800.67,INACTIVE
SAT07179,-71.977171,115.544832,20975.54,INACTIVE
SAT07180,-33.348965,-45.237499,17332.77,ACTIVE
SAT07181,41.301959,124.366623,10169.0,ACTIVE
SAT07182,38.655933,-63.99711,20167.94,INACTIVE
SAT07183,-23.365407,-69.537298,14960.12,INACTIVE
SAT07184,67.045608,-110.656719,23507.66,ACTIVE
SAT07185,49.241991,95.796778,6349.85,INACTIVE
SAT07186,9.63106,95.916432,25159.2,INACTIVE
SAT07187,-67.051378,-164.440579,14164.89,INACTIVE
SAT07188,-18.614176,-28.256412,16368.92,MAINTENANCE
SAT07189,41.960228,-118.688376,34636.42,MAINTENANCE
SAT07190,89.392598,-151.098923,15156.53,MAINTENANCE
SAT07191,-28.16949,-153.559569,24988.32,INACTIVE
SAT07192,65.341448,145.441268,27337.19,MAINTENANCE
SAT07193,-69.123244,2.424181,8850.88,INACTIVE
SAT07194,-2.941768,10.485563,6006.62,MAINTENANCE
SAT07195,21.13999,84.777449,17352.88,INACTIVE
SAT07196,-66.73538,163.693979,7237.26,INACTIVE
SAT07197,88.464668,-35.027539,1327.03,MAINTENANCE
SAT07198,-62.515129,176.427457,27996.87,MAINTENANCE
SAT07199,2.895997,34.565165,3255.4,ACTIVE
SAT07200,-24.070148,142.593946,27274.67,ACTIVE
SAT07201,64.230327,117.422916,29997.18,MAINTENANCE
SAT07202,-69.641195,33.064639,605.63,ACTIVE
SAT07203,38.870196,-173.497064,620.08,ACTIVE
SAT07204,89.085772,158.106843,9933.11,MAINTENANCE
SAT07205,-50.50358,145.122499,23316.62,ACTIVE
SAT07206,-25.960445,-114.209129,30028.74,ACTIVE
SAT07207,18.174127,27.604421,32935.28,INACTIVE
SAT07208,-87.56444,40.887658,13664.76,MAINTENANCE
SAT07209,41.071214,165.991788,1938.28,INACTIVE
SAT07210,24.358504,7.394346,20676.69,ACTIVE
SAT07211,-13.737854,-18.173006,6890.82,ACTIVE
SAT07212,-66.335905,-41.359745,24468.82,ACTIVE
SAT07213,-86.271339,-59.101121,20826.66,MAINTENANCE
SAT07214,-63.637547,39.167701,30214.88,ACTIVE
SAT07215,54.855052,-109.579785,6618.22,MAINTENANCE
SAT07216,7.863168,177.116876,18466.03,MAINTENANCE
SAT07217,5.025078,-91.721699,12124.67,ACTIVE
SAT07218,56.704987,-94.437185,24485.79,ACTIVE
SAT07219,-29.413764,57.254852,19151.63,ACTIVE
SAT07220,-69.210461,133.623609,10775.52,MAINTENANCE
SAT07221,15.318187,-140.19214,2567.23,ACTIVE
SAT07222,49.132406,144.161181,21857.01,MAINTENANCE
SAT07223,-29.072752,87.484305,20589.89,MAINTENANCE
SAT07224,33.756105,23.573391,34773.54,ACTIVE
SAT07225,-19.18949,-82.715546,23921.08,ACTIVE
SAT07226,64.039236,34.738871,29916.64,MAINTENANCE
SAT07227,35.382903,118.997738,14882.13,INACTIVE
SAT07228,-79.409406,139.703927,14912.26,ACTIVE
SAT07229,-72.52014,-33.2351,33366.09,INACTIVE
SAT07230,15.0205,149.12921,19016.84,ACTIVE
SAT07231,28.259726,150.874272,25453.36,INACTIVE
SAT07232,-66.894461,6.404769,6471.13,ACTIVE
SAT07233,-47.563977,-142.661352,13246.43,ACTIVE
SAT07234,-66.385615,-68.238744,2245.17,ACTIVE
SAT07235,-52.14505,126.848008,19004.44,MAINTENANCE
SAT07236,1.011481,76.576432,15162.05,ACTIVE
SAT07237,-59.27048,-179.728143,28395.18,INACTIVE
SAT07238,-71.933367,-161.68786,23813.17,ACTIVE
SAT07239,-35.598081,-145.47612,24402.24,INACTIVE
SAT07240,-37.63615,-81.209473,17417.92,MAINTENANCE
SAT07241,53.06544,81.457133,34863.58,INACTIVE
SAT07242,11.762883,117.85817,9267.98,ACTIVE
SAT07243,-82.738536,97.483655,3046.17,MAINTENANCE
SAT07244,57.345316,130.276583,15064.83,INACTIVE
SAT07245,-64.051446,-119.28611,19525.62,INACTIVE
SAT07246,4.109474,-106.800834,30775.75,ACTIVE
SAT07247,-51.182397,6.212304,5302.68,INACTIVE
SAT07248,-6.945391,-83.016454,23216.63,INACTIVE
SAT07249,-62.230948,140.181303,24333.94,ACTIVE
SAT07250,68.208269,-57.86074,14565.6,ACTIVE
SAT07251,-53.20342,-114.641076,34860.07,ACTIVE
SAT07252,-12.25995,-18.42379,5647.79,MAINTENANCE
SAT07253,-69.43452,-62.390849,14379.81,MAINTENANCE
SAT07254,-7.508993,22.312895,30082.53,MAINTENANCE
SAT07255,11.960399,136.921186,17687.87,MAINTENANCE
SAT07256,57.469634,-137.862797,18464.93,ACTIVE
SAT07257,50.619266,24.713971,24584.93,MAINTENANCE
SAT07258,-3.345505,-60.753113,19233.07,INACTIVE
SAT07259,18.887179,-82.200625,23616.2,ACTIVE
SAT07260,-82.174127,-120.796939,4417.87,INACTIVE
SAT07261,11.367071,141.922864,2904.82,INACTIVE
SAT07262,-75.467857,57.668609,6018.74,ACTIVE
SAT07263,-29.046221,-51.216983,2099.53,INACTIVE
SAT07264,24.349135,123.451105,33424.44,MAINTENANCE
SAT07265,-59.240753,131.039958,22563.45,ACTIVE
SAT07266,74.790282,-92.019434,1547.32,ACTIVE
SAT07267,-49.586718,85.11994,26626.23,INACTIVE
SAT07268,-47.959161,-74.402125,28018.31,INACTIVE
SAT07269,17.501411,-62.274205,16772.88,INACTIVE
SAT07270,-47.527054,100.959705,24574.15,INACTIVE
SAT07271,33.639129,44.040674,6337.4,MAINTENANCE
SAT07272,-11.697141,-38.449187,19967.07,INACTIVE
SAT07273,37.3493,86.625953,2600.11,INACTIVE
SAT07274,-64.23886,-120.401898,3979.36,INACTIVE
SAT07275,-70.859739,150.533128,27110.74,INACTIVE
SAT07276,59.321936,-9.149589,28790.5,MAINTENANCE
SAT07277,-29.482086,168.816407,22028.61,MAINTENANCE
SAT07278,-62.965322,23.610506,19434.33,ACTIVE
SAT07279,-51.10388,-109.462863,20008.84,MAINTENANCE
SAT07280,-83.352642,-71.017149,23826.97,ACTIVE
SAT07281,37.836913,175.045161,20951.47,INACTIVE
SAT07282,-43.816337,-173.754172,17874.26,ACTIVE
SAT07283,-45.484068,-161.021421,14858.11,INACTIVE
SAT07284,-60.104304,171.555178,16699.82,MAINTENANCE
SAT07285,-15.259164,-141.119826,15716.01,ACTIVE
SAT07286,8.029455,174.312334,35401.53,ACTIVE
SAT07287,12.489629,39.73679,12330.15,ACTIVE
SAT07288,-56.698901,-73.777095,5105.94,ACTIVE
SAT07289,-26.678396,118.664599,27041.12,ACTIVE
SAT07290,30.154307,-171.606801,19134.41,MAINTENANCE
SAT07291,20.983426,129.419888,16717.99,ACTIVE
SAT07292,78.447127,43.346662,18047.5,ACTIVE
SAT07293,-60.789623,-165.502103,34599.23,MAINTENANCE
SAT07294,-87.287716,65.638287,4871.97,ACTIVE
SAT07295,-16.261941,161.125031,7876.92,MAINTENANCE
SAT07296,43.702363,111.348162,28333.98,ACTIVE
SAT07297,-31.182507,-44.760876,9526.82,MAINTENANCE
SAT07298,53.645622,-4.682059,30742.25,MAINTENANCE
SAT07299,-79.36875,116.492746,23483.67,MAINTENANCE
SAT07300,-8.423285,-128.660476,24036.11,INACTIVE
SAT07301,-17.709067,-2.92629,26533.13,ACTIVE
SAT07302,69.908106,-161.285208,28672.65,ACTIVE
SAT07303,43.089929,-6.174516,14292.71,INACTIVE
SAT07304,46.234842,140.125453,18073.69,INACTIVE
SAT07305,9.773594,22.793494,13583.47,ACTIVE
SAT07306,74.013817,-114.328743,14205.11,MAINTENANCE
SAT07307,-10.403817,52.840999,15238.82,MAINTENANCE
SAT07308,28.001567,-75.844164,7715.29,ACTIVE
SAT07309,-1.93064,101.878443,7085.36,INACTIVE
SAT07310,70.350369,165.405512,33113.88,INACTIVE
SAT07311,-80.446722,-20.011559,34010.23,INACTIVE
SAT07312,39.085367,-139.360467,17350.3,MAINTENANCE
SAT07313,58.764721,-15.495224,9018.86,MAINTENANCE
SAT07314,-7.011749,57.198178,30286.27,INACTIVE
SAT07315,7.972515,38.451808,25315.33,INACTIVE
SAT07316,19.780632,-140.191721,17249.85,INACTIVE
SAT07317,-10.10747,60.373032,29796.31,INACTIVE
SAT07318,-44.935182,-114.53214,12435.93,ACTIVE
SAT07319,30.708715,-164.13373,23607.94,MAINTENANCE
SAT07320,-68.349244,-22.371007,32007.84,MAINTENANCE
SAT07321,-43.262288,-161.484591,31815.14,ACTIVE
SAT07322,27.442273,101.268143,35497.64,MAINTENANCE
SAT07323,52.645512,-145.126464,34245.75,MAINTENANCE
SAT07324,-66.097095,-37.123148,29994.43,ACTIVE
SAT07325,-64.120259,10.895222,31574.76,INACTIVE
SAT07326,-86.094961,-147.128344,10233.52,INACTIVE
SAT07327,-37.559935,25.172514,4422.89,INACTIVE
SAT07328,-40.293865,-45.432284,23369.98,MAINTENANCE
SAT07329,-81.754879,42.653863,23598.85,INACTIVE
SAT07330,17.574135,-38.979873,22964.83,INACTIVE
SAT07331,-85.276994,12.928258,24789.28,ACTIVE
SAT07332,-62.68604,55.991309,22104.13,MAINTENANCE
SAT07333,38.295811,-173.785353,5641.18,INACTIVE
SAT07334,-37.063822,12.645808,33846.8,ACTIVE
SAT07335,83.846694,-152.078707,20096.09,INACTIVE
SAT07336,-6.899456,132.644417,19241.07,MAINTENANCE
SAT07337,-44.272352,54.732208,9125.52,MAINTENANCE
SAT07338,-5.271669,25.581579,21052.39,ACTIVE
SAT07339,8.894364,67.970597,8069.07,INACTIVE
SAT07340,-81.716466,-112.518221,8333.84,ACTIVE
SAT07341,85.05665,144.313118,4023.57,INACTIVE
SAT07342,-76.835565,93.233408,15198.29,INACTIVE
SAT07343,-69.533564,-138.467695,15497.8,ACTIVE
SAT07344,-71.72981,-103.773437,19062.8,INACTIVE
SAT07345,-38.610545,169.939608,2668.65,INACTIVE
SAT07346,-69.904814,-160.176727,15565.65,MAINTENANCE
SAT07347,-13.390385,100.965941,24213.03,MAINTENANCE
SAT07348,-68.966633,-119.035529,16267.44,MAINTENANCE
SAT07349,49.8267,114.892188,24066.54,INACTIVE
SAT07350,88.999133,169.647349,27684.49,ACTIVE
SAT07351,-81.666037,34.630498,26884.41,MAINTENANCE
SAT07352,0.877993,165.477633,2279.08,ACTIVE
SAT07353,-59.002386,8.750339,2805.46,ACTIVE
SAT07354,-86.883575,29.79492,10144.9,INACTIVE
SAT07355,-74.546959,-93.607386,15033.63,ACTIVE
SAT07356,-65.296873,-51.875183,21930.53,ACTIVE
SAT07357,-54.642563,-130.153613,11327.15,ACTIVE
SAT07358,-14.017288,-119.098687,7290.91,ACTIVE
SAT07359,58.234872,-163.258352,24327.99,MAINTENANCE
SAT07360,-39.064167,142.99062,4518.0,INACTIVE
SAT07361,70.96052,161.367507,24805.05,INACTIVE
SAT07362,-27.541582,36.690329,6100.11,MAINTENANCE
SAT07363,47.299608,-36.845953,15387.24,MAINTENANCE
SAT07364,4.44892,91.800417,1963.1,INACTIVE
SAT07365,52.212995,84.544689,24252.31,ACTIVE
SAT07366,-19.341046,105.38592,15621.47,INACTIVE
SAT07367,7.766671,66.931143,1043.77,ACTIVE
SAT07368,-80.585077,116.573854,20769.32,MAINTENANCE
SAT07369,-34.899526,158.621613,897.73,ACTIVE
SAT07370,-87.60381,-0.278507,27656.67,INACTIVE
SAT07371,87.90828,22.794604,32640.36,MAINTENANCE
SAT07372,-56.139533,105.749682,24715.67,MAINTENANCE
SAT07373,20.924949,150.736691,18247.77,ACTIVE
SAT07374,11.037026,143.98981,31870.95,ACTIVE
SAT07375,-43.62479,15.948066,19124.72,ACTIVE
SAT07376,6.21816,-121.844986,4152.11,MAINTENANCE
SAT07377,83.909953,-38.302761,15373.43,MAINTENANCE
SAT07378,67.446422,-14.905976,16385.52,ACTIVE
SAT07379,66.917985,-22.251446,11902.66,ACTIVE
SAT07380,64.631629,-29.120441,21530.71,INACTIVE
SAT07381,-45.326276,-32.728707,15285.56,MAINTENANCE
SAT07382,-22.656953,-78.977996,35395.69,INACTIVE
SAT07383,-16.366517,-175.073769,15501.86,INACTIVE
SAT07384,-87.267518,109.402065,26981.68,INACTIVE
SAT07385,83.780682,73.268374,28923.22,INACTIVE
SAT07386,29.2881,-74.213544,23237.18,INACTIVE
SAT07387,54.835218,67.257876,9721.15,ACTIVE
SAT07388,36.234538,112.19587,21910.88,MAINTENANCE
SAT07389,86.232798,99.05062,4532.61,INACTIVE
SAT07390,21.762973,25.734947,34418.1,MAINTENANCE
SAT07391,-25.935577,-134.153574,20998.22,MAINTENANCE
SAT07392,59.198915,97.07882,498.44,ACTIVE
SAT07393,8.260955,-19.359751,19989.93,ACTIVE
SAT07394,-44.484837,79.682561,30431.89,INACTIVE
SAT07395,-27.617885,-125.248085,25994.34,ACTIVE
SAT07396,57.577451,126.532686,26308.71,ACTIVE
SAT07397,-58.809826,-59.784947,6517.17,MAINTENANCE
SAT07398,1.977384,155.194889,7932.61,ACTIVE
SAT07399,-9.589515,-18.942376,19250.71,INACTIVE
SAT07400,45.417383,32.260526,15481.68,ACTIVE
SAT07401,-40.197901,90.755716,17429.54,ACTIVE
SAT07402,-14.800614,49.299875,31123.42,MAINTENANCE
SAT07403,-30.634437,9.767355,17478.91,MAINTENANCE
SAT07404,23.843987,-146.180519,2966.83,ACTIVE
SAT07405,-22.552404,-109.859537,30566.91,MAINTENANCE
SAT07406,-19.031088,153.286275,34306.51,ACTIVE
SAT07407,-80.935114,-176.21974,28773.67,INACTIVE
SAT07408,-50.01998,-38.712144,8007.6,MAINTENANCE
SAT07409,-65.341591,-88.621953,19967.36,MAINTENANCE
SAT07410,-79.239871,-140.636382,9550.37,MAINTENANCE
SAT07411,44.443287,-62.504334,1710.97,ACTIVE
SAT07412,24.031,91.538474,18185.5,MAINTENANCE
SAT07413,56.538122,52.975645,11667.66,INACTIVE
SAT07414,-20.95132,111.746927,29376.79,INACTIVE
SAT07415,-30.24884,143.599286,2715.28,INACTIVE
SAT07416,-88.307208,-18.072769,9475.13,ACTIVE
SAT07417,-86.088415,108.880124,16022.02,MAINTENANCE
SAT07418,0.475424,-62.750299,30208.23,INACTIVE
SAT07419,-20.801353,-26.723291,25460.29,ACTIVE
SAT07420,15.056428,-146.86248,2596.79,ACTIVE
SAT07421,-15.702518,115.231409,10852.86,INACTIVE
SAT07422,66.316397,-88.353935,7109.88,ACTIVE
SAT07423,-18.136855,8.447032,22854.42,ACTIVE
SAT07424,32.494688,125.25163,8478.08,INACTIVE
SAT07425,16.883074,33.473774,30578.84,ACTIVE
SAT07426,14.610443,-105.407076,13422.45,INACTIVE
SAT07427,5.81886,117.619825,7717.81,ACTIVE
SAT07428,86.277919,113.27315,22835.79,ACTIVE
SAT07429,60.833806,112.894056,26484.91,INACTIVE
SAT07430,-12.064027,104.636198,34414.5,ACTIVE
SAT07431,-34.215859,-9.392399,28792.85,INACTIVE
SAT07432,72.348238,-32.125684,19508.13,INACTIVE
SAT07433,-20.968899,-154.624424,15354.32,ACTIVE
SAT07434,-31.484808,-68.53336,30683.27,MAINTENANCE
SAT07435,-68.217794,121.308766,15461.28,MAINTENANCE
SAT07436,-22.940986,25.778433,19352.96,ACTIVE
SAT07437,16.685396,-95.305486,4417.11,MAINTENANCE
SAT07438,-33.874559,-55.293674,32952.1,INACTIVE
SAT07439,-6.944903,-110.689433,29186.6,ACTIVE
SAT07440,-86.84777,29.969287,30747.28,MAINTENANCE
SAT07441,28.829244,65.626766,8843.15,INACTIVE
SAT07442,28.358902,-13.798984,23462.66,INACTIVE
SAT07443,84.979494,-10.831051,24710.89,INACTIVE
SAT07444,-87.023403,6.767249,3659.43,MAINTENANCE
SAT07445,-29.470577,42.756392,27053.77,INACTIVE
SAT07446,48.480833,131.633294,23175.9,INACTIVE
SAT07447,-72.108103,-83.344877,31811.71,MAINTENANCE
SAT07448,56.932603,-175.006369,17437.13,MAINTENANCE
SAT07449,-11.827134,129.041162,14234.66,MAINTENANCE
SAT07450,57.526881,27.056955,35881.73,ACTIVE
SAT07451,89.087932,-177.980082,19867.35,ACTIVE
SAT07452,-47.638094,18.751717,11954.1,MAINTENANCE
SAT07453,23.350661,14.935161,14485.49,MAINTENANCE
SAT07454,70.0317,151.85403,34494.89,INACTIVE
SAT07455,26.041856,-67.490741,28470.31,MAINTENANCE
SAT07456,68.653957,-78.652318,32733.31,MAINTENANCE
SAT07457,-86.109846,93.203264,18612.67,INACTIVE
SAT07458,-54.63509,123.150901,18884.67,ACTIVE
SAT07459,-28.882787,32.648686,18614.98,INACTIVE
SAT07460,59.628381,135.786773,3859.43,INACTIVE
SAT07461,14.70016,-64.399191,15039.47,INACTIVE
SAT07462,58.125609,-163.314345,33719.38,INACTIVE
SAT07463,-35.818047,81.093774,10125.23,ACTIVE
SAT07464,-25.015325,162.955404,7668.07,ACTIVE
SAT07465,41.042394,-53.78165,16010.92,MAINTENANCE
SAT07466,-33.238203,55.876043,28003.87,MAINTENANCE
SAT07467,67.335353,84.067966,8805.84,ACTIVE
SAT07468,9.047972,-124.034093,8986.1,INACTIVE
SAT07469,-48.448808,-121.742741,11302.31,MAINTENANCE
SAT07470,11.085155,37.660185,30407.02,ACTIVE
SAT07471,48.440196,89.835065,13193.0,MAINTENANCE
SAT07472,8.569802,-170.938539,1646.41,ACTIVE
SAT07473,-55.293122,54.814938,501.64,ACTIVE
SAT07474,-69.035223,120.196514,12084.14,INACTIVE
SAT07475,-18.992245,-103.240692,9391.21,MAINTENANCE
SAT07476,38.134871,30.717634,11940.82,INACTIVE
SAT07477,32.035052,-158.261084,33599.66,INACTIVE
SAT07478,-74.329287,135.192793,8722.1,ACTIVE
SAT07479,38.136509,-86.632636,20956.15,INACTIVE
SAT07480,-35.494681,61.174633,9685.85,MAINTENANCE
SAT07481,-35.357506,123.658826,22793.8,ACTIVE
SAT07482,73.065225,162.70396,14602.8,MAINTENANCE
SAT07483,-48.852504,169.152175,7782.83,ACTIVE
SAT07484,-79.835123,14.931788,8883.98,MAINTENANCE
SAT07485,47.003165,-21.344298,8769.25,INACTIVE
SAT07486,82.394238,-60.919323,15887.67,INACTIVE
SAT07487,-28.686472,-3.362748,35459.72,ACTIVE
SAT07488,45.746969,166.454021,24111.95,MAINTENANCE
SAT07489,-8.240401,-7.773967,34633.11,INACTIVE
SAT07490,0.684682,-156.119473,33371.08,INACTIVE
SAT07491,4.307712,-178.738654,30184.96,ACTIVE
SAT07492,-64.738538,-80.62909,35748.84,ACTIVE
SAT07493,-56.50291,105.871802,21652.91,MAINTENANCE
SAT07494,74.008342,35.556618,17544.26,MAINTENANCE
SAT07495,-85.686531,-124.597045,27063.89,MAINTENANCE
SAT07496,19.426311,70.942289,25032.1,INACTIVE
SAT07497,-71.562319,119.900197,28607.99,ACTIVE
SAT07498,53.01105,84.302529,15773.49,ACTIVE
SAT07499,-85.586982,143.272863,3596.76,INACTIVE
SAT07500,-85.022005,96.699477,32506.34,INACTIVE
SAT07501,60.746571,128.359848,9292.74,MAINTENANCE
SAT07502,-85.642772,134.754415,10043.88,INACTIVE
SAT07503,-6.136043,113.851902,5910.58,ACTIVE
SAT07504,50.937321,-121.888678,30011.11,INACTIVE
SAT07505,58.866485,33.66404,16755.68,MAINTENANCE
SAT07506,41.0161,58.867505,7995.67,INACTIVE
SAT07507,-6.052837,116.38938,5520.98,INACTIVE
SAT07508,-27.406573,-25.750032,14108.6,MAINTENANCE
SAT07509,-38.657933,80.495932,34228.4,MAINTENANCE
SAT07510,80.693713,-47.14131,27213.17,ACTIVE
SAT07511,41.771539,-109.953328,34247.53,ACTIVE
SAT07512,18.454081,177.906071,15890.34,MAINTENANCE
SAT07513,78.947123,-94.261008,17199.21,MAINTENANCE
SAT07514,41.226238,-32.880124,20386.93,MAINTENANCE
SAT07515,-32.266462,-58.148092,10867.45,MAINTENANCE
SAT07516,-66.747172,144.894472,30927.99,MAINTENANCE
SAT07517,-10.841641,131.597823,8821.41,INACTIVE
SAT07518,21.489227,10.863014,6910.89,ACTIVE
SAT07519,13.498584,91.337818,7066.5,INACTIVE
SAT07520,79.900339,114.102133,9783.64,INACTIVE
SAT07521,36.849121,172.000416,34546.52,ACTIVE
SAT07522,76.049549,-56.204352,8098.82,INACTIVE
SAT07523,64.849918,63.823981,33532.8,MAINTENANCE
SAT07524,-37.624582,-84.328752,3627.34,INACTIVE
SAT07525,-59.022862,62.054011,8996.07,INACTIVE
SAT07526,-27.724145,-148.125764,1692.92,INACTIVE
SAT07527,-1.698041,-2.131135,29560.92,ACTIVE
SAT07528,79.245102,-6.778777,8603.42,INACTIVE
SAT07529,-86.430663,80.572133,15478.39,ACTIVE
SAT07530,-80.119628,78.680792,2373.63,MAINTENANCE
SAT07531,4.790288,-71.447751,32671.16,MAINTENANCE
SAT07532,45.739881,-161.614072,33786.8,MAINTENANCE
SAT07533,-24.130372,-63.622188,13954.45,INACTIVE
SAT07534,-21.808188,-110.222602,21040.15,MAINTENANCE
SAT07535,1.596415,83.830099,20378.49,INACTIVE
SAT07536,60.001404,-139.351419,11149.82,ACTIVE
SAT07537,-29.306168,-27.065141,26015.41,ACTIVE
SAT07538,10.418993,18.672682,32715.28,ACTIVE
SAT07539,52.854489,-129.127864,28039.45,INACTIVE
SAT07540,-59.652339,-34.313617,29777.09,INACTIVE
SAT07541,-57.419624,-76.971704,25759.72,ACTIVE
SAT07542,68.348095,-42.828336,9767.46,ACTIVE
SAT07543,-51.12045,-136.944489,27015.74,INACTIVE
SAT07544,-71.872329,103.258892,30094.84,INACTIVE
SAT07545,-3.752764,76.001603,9080.08,INACTIVE
SAT07546,-68.096708,-65.184262,28774.41,MAINTENANCE
SAT07547,-67.087638,60.586565,15523.38,INACTIVE
SAT07548,28.442497,68.027426,34779.11,INACTIVE
SAT07549,77.954412,-96.409571,23956.16,ACTIVE
SAT07550,68.711105,-96.119188,31804.49,ACTIVE
SAT07551,68.79656,58.095199,18752.41,ACTIVE
SAT07552,6.497809,-13.185163,8574.89,MAINTENANCE
SAT07553,17.466473,178.904793,10602.82,MAINTENANCE
SAT07554,40.328113,-1.206502,15712.43,MAINTENANCE
SAT07555,7.517097,25.067196,20515.52,MAINTENANCE
SAT07556,-31.216308,-127.370018,17726.63,ACTIVE
SAT07557,21.840322,178.951082,33553.56,MAINTENANCE
SAT07558,-53.941843,-7.250643,11487.51,INACTIVE
SAT07559,-51.22266,41.162132,16293.64,INACTIVE
SAT07560,-58.97074,153.210563,19780.76,INACTIVE
SAT07561,-33.555494,107.33187,27328.04,INACTIVE
SAT07562,-41.588974,120.536344,10532.46,ACTIVE
SAT07563,-22.268482,50.214918,30892.04,INACTIVE
SAT07564,50.033009,-153.268544,29683.5,INACTIVE
SAT07565,-36.212548,-118.907453,11998.6,MAINTENANCE
SAT07566,1.012035,136.257421,7126.87,INACTIVE
SAT07567,-62.510592,-61.876782,31564.2,INACTIVE
SAT07568,-64.252867,0.790072,28662.12,ACTIVE
SAT07569,12.502344,37.173775,5228.58,MAINTENANCE
SAT07570,77.116962,66.732061,14118.14,MAINTENANCE
SAT07571,51.926498,165.652481,21393.4,ACTIVE
SAT07572,76.190822,-34.173348,31516.32,ACTIVE
SAT07573,-47.707712,-152.711873,16466.05,ACTIVE
SAT07574,9.415427,-41.806314,15858.05,MAINTENANCE
SAT07575,48.599266,-98.387711,31404.77,ACTIVE
SAT07576,30.906402,98.202981,13901.47,MAINTENANCE
SAT07577,-58.785426,6.062746,11636.51,INACTIVE
SAT07578,75.17872,-93.937053,16506.19,INACTIVE
SAT07579,-51.736924,27.463825,4773.3,ACTIVE
SAT07580,41.661701,-153.288862,21518.64,INACTIVE
SAT07581,1.063532,107.335867,4444.75,INACTIVE
SAT07582,-89.986684,-164.802638,6924.18,INACTIVE
SAT07583,-27.016867,104.457448,11224.68,INACTIVE
SAT07584,-48.038658,33.074161,16374.78,ACTIVE
SAT07585,77.41725,-134.222946,670.88,INACTIVE
SAT07586,24.933377,81.798764,24882.09,MAINTENANCE
SAT07587,-25.617597,-97.811399,19778.78,ACTIVE
SAT07588,-3.221374,-119.249124,35352.25,MAINTENANCE
SAT07589,-9.379003,25.679889,10027.78,INACTIVE
SAT07590,-52.206037,122.438127,22967.38,MAINTENANCE
SAT07591,81.120843,-120.844962,28117.77,MAINTENANCE
SAT07592,-78.595308,77.842471,18154.94,INACTIVE
SAT07593,78.944548,-68.332401,28275.94,ACTIVE
SAT07594,-81.76261,-170.827425,22186.11,INACTIVE
SAT07595,-69.673987,128.894131,15012.17,INACTIVE
SAT07596,62.079163,-15.167874,27616.41,ACTIVE
SAT07597,-68.981322,60.783951,18738.76,ACTIVE
SAT07598,86.251687,157.918373,1091.01,INACTIVE
SAT07599,67.768833,-71.132953,30392.74,INACTIVE
SAT07600,-87.933061,-155.794393,26009.26,ACTIVE
SAT07601,-86.912219,97.287498,6590.52,ACTIVE
SAT07602,32.060429,65.520226,32383.82,MAINTENANCE
SAT07603,8.692076,-134.942944,11293.5,INACTIVE
SAT07604,-55.070577,-40.531802,7731.26,ACTIVE
SAT07605,2.888253,144.9281,16501.94,MAINTENANCE
SAT07606,-18.781793,-139.449342,28569.68,ACTIVE
SAT07607,-62.695533,-85.825783,32359.24,INACTIVE
SAT07608,-13.805402,-140.973615,11050.66,ACTIVE
SAT07609,-53.672732,6.215131,30713.91,INACTIVE
SAT07610,4.346947,119.732505,30102.22,INACTIVE
SAT07611,-2.266141,51.342416,5758.49,MAINTENANCE
SAT07612,-39.785616,65.708091,17003.21,MAINTENANCE
SAT07613,-66.075356,2.900057,20430.33,MAINTENANCE
SAT07614,9.571314,-164.205796,4662.95,INACTIVE
SAT07615,84.502887,-124.530701,20906.92,INACTIVE
SAT07616,16.930945,135.60052,28909.19,ACTIVE
SAT07617,-18.42933,-147.177921,5191.53,ACTIVE
SAT07618,68.108548,-100.478831,31864.34,INACTIVE
SAT07619,-40.849931,166.050939,17531.0,MAINTENANCE
SAT07620,15.496293,-141.350999,28426.78,ACTIVE
SAT07621,14.321222,-65.841561,428.33,INACTIVE
SAT07622,24.561989,-178.129185,32528.19,MAINTENANCE
SAT07623,-28.529295,-74.671464,368.86,INACTIVE
SAT07624,-4.456834,-27.669156,22058.97,INACTIVE
SAT07625,23.670656,32.452812,8948.67,MAINTENANCE
SAT07626,-76.640056,102.82813,23575.36,MAINTENANCE
SAT07627,-40.875789,-128.292801,7673.11,INACTIVE
SAT07628,58.391181,-17.128418,26146.61,MAINTENANCE
SAT07629,64.924183,34.402699,8352.77,ACTIVE
SAT07630,69.598885,172.048795,9940.87,INACTIVE
SAT07631,54.288948,-73.159829,33968.14,INACTIVE
SAT07632,7.463799,-5.734835,25606.25,MAINTENANCE
SAT07633,3.77018,133.454211,24079.07,MAINTENANCE
SAT07634,13.950878,-49.80264,7386.33,ACTIVE
SAT07635,62.973368,-16.558692,20702.32,INACTIVE
SAT07636,-14.273453,-175.47517,23326.09,MAINTENANCE
SAT07637,-57.219411,122.037553,7470.53,ACTIVE
SAT07638,-76.970918,99.928093,9454.41,MAINTENANCE
SAT07639,20.448973,-170.225892,29143.13,ACTIVE
SAT07640,-70.725325,-52.365643,34178.4,MAINTENANCE
SAT07641,51.632861,112.173195,21517.38,INACTIVE
SAT07642,66.258195,-131.911244,12751.3,ACTIVE
SAT07643,-46.013039,141.354072,28532.85,MAINTENANCE
SAT07644,58.227791,-171.365233,12236.01,INACTIVE
SAT07645,58.754132,167.84346,24599.62,ACTIVE
SAT07646,30.211845,-165.436535,11847.13,MAINTENANCE
SAT07647,25.913988,-115.237801,22873.38,INACTIVE
SAT07648,12.318156,-53.234012,2060.57,MAINTENANCE
SAT07649,-61.379905,4.964125,17751.71,MAINTENANCE
SAT07650,64.074161,6.977834,357.46,ACTIVE
SAT07651,-72.152364,95.130021,5768.03,ACTIVE
SAT07652,-33.336561,4.911982,6525.96,MAINTENANCE
SAT07653,-2.107191,-43.772779,15496.03,ACTIVE
SAT07654,-88.822245,-145.450526,35572.14,ACTIVE
SAT07655,-85.511676,-115.27791,1921.95,INACTIVE
SAT07656,-2.447179,3.142342,31067.62,ACTIVE
SAT07657,4.147091,30.400837,13076.13,MAINTENANCE
SAT07658,-33.444677,97.434656,18175.06,INACTIVE
SAT07659,-50.277337,-140.185986,5971.12,INACTIVE
SAT07660,80.379375,151.228776,10756.46,ACTIVE
SAT07661,23.639,-46.873057,4889.87,ACTIVE
SAT07662,-31.157952,-141.795508,11860.32,INACTIVE
SAT07663,-1.734274,-149.352158,14794.75,INACTIVE
SAT07664,-41.489131,-4.23086,18324.52,INACTIVE
SAT07665,-81.173306,-164.979774,4870.54,ACTIVE
SAT07666,-88.097933,138.711567,28945.31,MAINTENANCE
SAT07667,-72.919296,-138.873102,28846.18,ACTIVE
SAT07668,71.100047,-73.954292,9482.17,INACTIVE
SAT07669,40.333779,-157.012917,31062.27,INACTIVE
SAT07670,14.727605,144.424393,25744.27,INACTIVE
SAT07671,-38.474391,-21.778304,12868.01,ACTIVE
SAT07672,-51.966404,149.755658,5003.14,ACTIVE
SAT07673,58.523453,-140.118222,10058.83,MAINTENANCE
SAT07674,-25.276542,66.64091,35138.09,ACTIVE
SAT07675,-80.101519,-115.969829,27032.19,ACTIVE
SAT07676,58.519745,113.256882,16574.82,ACTIVE
SAT07677,-69.905658,84.467074,18677.75,INACTIVE
SAT07678,-29.917181,92.752738,34690.56,MAINTENANCE
SAT07679,60.92952,13.263577,16573.65,ACTIVE
SAT07680,-15.426853,143.515409,16163.77,INACTIVE
SAT07681,-68.10186,86.960881,12487.03,MAINTENANCE
SAT07682,10.213927,142.735354,26935.48,MAINTENANCE
SAT07683,34.547016,4.241375,34387.14,MAINTENANCE
SAT07684,-0.428333,-74.217197,32629.53,INACTIVE
SAT07685,26.402684,16.547059,18132.98,INACTIVE
SAT07686,46.172971,177.312825,10317.47,ACTIVE
SAT07687,46.609028,-162.943809,16698.81,ACTIVE
SAT07688,47.223823,111.428309,20888.25,ACTIVE
SAT07689,-84.090277,-84.637034,27850.95,MAINTENANCE
SAT07690,-88.18772,-101.070064,5151.92,MAINTENANCE
SAT07691,84.860091,42.454884,23194.32,INACTIVE
SAT07692,81.715177,104.405979,2200.47,MAINTENANCE
SAT07693,-47.225315,165.370512,6902.63,ACTIVE
SAT07694,35.079137,-97.629997,18108.96,INACTIVE
SAT07695,-51.94595,-23.864799,18705.99,INACTIVE
SAT07696,-0.181487,-150.165252,3763.4,MAINTENANCE
SAT07697,67.32708,93.940744,2669.59,ACTIVE
SAT07698,-63.016286,119.272146,18492.65,INACTIVE
SAT07699,-81.86033,37.862451,29174.16,ACTIVE
SAT07700,-39.840258,121.109705,33537.6,INACTIVE
SAT07701,12.863364,161.305946,15309.86,ACTIVE
SAT07702,41.638648,-50.86071,2028.48,INACTIVE
SAT07703,1.472349,147.692116,28044.22,INACTIVE
SAT07704,83.561151,-36.210193,25156.95,ACTIVE
SAT07705,-79.700542,49.56685,16195.06,INACTIVE
SAT07706,-65.593842,61.098218,2740.13,MAINTENANCE
SAT07707,-41.988981,-61.385608,10755.17,ACTIVE
SAT07708,78.41688,-3.824913,21184.6,INACTIVE
SAT07709,-6.718186,58.201672,31941.96,ACTIVE
SAT07710,-71.649317,105.879537,31708.68,ACTIVE
SAT07711,-82.505635,68.18074,7339.93,ACTIVE
SAT07712,10.598799,2.465817,24206.84,INACTIVE
SAT07713,19.879907,-69.540844,29830.63,INACTIVE
SAT07714,-82.836695,87.476773,16433.14,ACTIVE
SAT07715,7.304208,-66.085127,25754.87,INACTIVE
SAT07716,-1.869157,-154.908622,23093.81,INACTIVE
SAT07717,-58.341623,-84.850939,14427.27,ACTIVE
SAT07718,85.646452,-76.741692,17123.95,MAINTENANCE
SAT07719,54.532046,-35.769318,35530.62,ACTIVE
SAT07720,21.604136,-109.040994,12058.11,ACTIVE
SAT07721,-48.069039,109.088012,27901.18,ACTIVE
SAT07722,70.479706,-153.458382,6259.62,ACTIVE
SAT07723,64.963774,18.765166,27863.33,MAINTENANCE
SAT07724,-15.710861,39.844883,20883.97,INACTIVE
SAT07725,-72.86407,145.628943,11414.44,MAINTENANCE
SAT07726,72.45806,-10.854091,1785.72,ACTIVE
SAT07727,76.268958,121.828494,18794.65,INACTIVE
SAT07728,-59.443607,131.935514,27587.19,INACTIVE
SAT07729,50.107497,97.001023,33303.75,MAINTENANCE
SAT07730,-17.117047,127.678574,35657.64,ACTIVE
SAT07731,60.536312,-18.204493,33740.92,ACTIVE
SAT07732,67.293612,-176.46586,27189.38,MAINTENANCE
SAT07733,-64.505908,-44.704634,12560.63,INACTIVE
SAT07734,78.883481,56.874243,4017.2,MAINTENANCE
SAT07735,-66.802767,148.91419,35236.37,ACTIVE
SAT07736,64.148022,165.699266,26289.2,MAINTENANCE
SAT07737,12.743723,-91.648747,14378.22,ACTIVE
SAT07738,-1.160161,38.007385,27227.94,MAINTENANCE
SAT07739,-10.066064,168.783241,17428.39,ACTIVE
SAT07740,62.848726,-121.731405,17741.95,MAINTENANCE
SAT07741,-4.168115,122.032919,5055.55,ACTIVE
SAT07742,-84.746036,46.906773,7346.68,ACTIVE
SAT07743,-18.169759,-118.530824,22521.68,MAINTENANCE
SAT07744,62.221119,138.107911,11784.98,ACTIVE
SAT07745,-17.5978,-63.737898,15755.21,MAINTENANCE
SAT07746,87.264761,-153.741638,21068.24,INACTIVE
SAT07747,-35.019308,-89.638545,19178.53,INACTIVE
SAT07748,59.333032,-119.04689,3653.31,INACTIVE
SAT07749,-58.1891,37.463495,16764.62,INACTIVE
SAT07750,-61.974935,58.776828,27545.48,MAINTENANCE
SAT07751,61.001802,156.6167,22456.41,ACTIVE
SAT07752,12.782922,-106.27023,8402.43,ACTIVE
SAT07753,-79.703776,154.554347,35738.64,INACTIVE
SAT07754,-31.420572,-130.197544,24514.98,INACTIVE
SAT07755,49.834046,140.186229,25729.49,MAINTENANCE
SAT07756,29.86658,178.913207,19693.37,ACTIVE
SAT07757,-59.72549,-15.297417,23159.06,MAINTENANCE
SAT07758,43.101316,114.071772,24992.31,MAINTENANCE
SAT07759,-75.711364,96.531285,17198.99,MAINTENANCE
SAT07760,-85.627715,77.463166,1706.14,INACTIVE
SAT07761,-39.787842,127.266753,28392.39,MAINTENANCE
SAT07762,-32.931762,-48.402684,21724.22,ACTIVE
SAT07763,4.381671,-95.492451,29816.27,ACTIVE
SAT07764,-38.42169,-82.55858,17749.72,MAINTENANCE
SAT07765,34.289324,-36.614256,29668.23,ACTIVE
SAT07766,-29.088274,9.86591,8248.18,ACTIVE
SAT07767,34.061619,-169.377503,5578.7,ACTIVE
SAT07768,-28.640758,-135.18526,20778.27,INACTIVE
SAT07769,-3.878347,-39.567087,34212.35,INACTIVE
SAT07770,-3.185062,-126.255564,24261.86,MAINTENANCE
SAT07771,-2.010129,92.843112,23539.7,ACTIVE
SAT07772,-19.620797,95.594835,28864.01,MAINTENANCE
SAT07773,65.242025,58.801416,3470.86,MAINTENANCE
SAT07774,-37.705101,136.293712,4465.75,INACTIVE
SAT07775,-46.233796,81.517662,2795.65,MAINTENANCE
SAT07776,-37.170689,-17.963602,6397.43,MAINTENANCE
SAT07777,86.029088,68.059385,26952.25,MAINTENANCE
SAT07778,25.371263,-82.849244,6421.34,ACTIVE
SAT07779,-69.576,-46.000569,20163.8,MAINTENANCE
SAT07780,-65.567106,-26.14749,12190.89,MAINTENANCE
SAT07781,41.855019,60.225785,6943.07,ACTIVE
SAT07782,-49.824783,-114.226177,22068.46,INACTIVE
SAT07783,9.567649,-167.364358,6652.87,INACTIVE
SAT07784,7.796047,63.043669,24603.44,INACTIVE
SAT07785,-49.022047,-21.579908,12524.2,MAINTENANCE
SAT07786,-40.628003,138.897491,35598.49,MAINTENANCE
SAT07787,-27.61849,118.042166,6182.67,MAINTENANCE
SAT07788,49.787061,42.539419,9047.69,ACTIVE
SAT07789,-32.111746,-22.994064,20288.2,INACTIVE
SAT07790,-43.96628,60.368146,7370.26,ACTIVE
SAT07791,-19.02762,92.379122,9964.92,ACTIVE
SAT07792,-1.088608,58.952983,10393.46,ACTIVE
SAT07793,-8.650485,-46.4737,33817.11,INACTIVE
SAT07794,85.502443,165.701237,8113.08,ACTIVE
SAT07795,67.755888,78.160595,33798.8,INACTIVE
SAT07796,-22.823471,-106.461265,18630.35,ACTIVE
SAT07797,-74.023936,142.84641,4898.7,MAINTENANCE
SAT07798,28.019921,158.178771,13445.8,ACTIVE
SAT07799,-79.792737,122.194578,28444.4,INACTIVE
SAT07800,-40.565609,-177.755403,646.58,MAINTENANCE
SAT07801,10.981975,-104.312724,27151.53,ACTIVE
SAT07802,30.993296,179.562286,254.84,INACTIVE
SAT07803,55.932307,-2.946926,27623.69,INACTIVE
SAT07804,69.827437,-62.716729,22121.24,ACTIVE
SAT07805,-65.363194,-41.890964,29260.07,MAINTENANCE
SAT07806,-80.662383,-4.903889,1965.63,INACTIVE
SAT07807,-32.630187,97.820959,27008.41,ACTIVE
SAT07808,-42.41346,167.421283,33706.3,MAINTENANCE
SAT07809,-32.242666,-118.220742,17696.14,ACTIVE
SAT07810,-55.311758,-83.311622,29377.11,MAINTENANCE
SAT07811,5.484807,23.34887,22324.03,MAINTENANCE
SAT07812,6.363229,151.288431,7417.43,INACTIVE
SAT07813,-48.505584,-32.241002,23539.8,ACTIVE
SAT07814,29.491044,-162.452655,25453.55,INACTIVE
SAT07815,-46.654977,-77.000387,12235.84,ACTIVE
SAT07816,66.334564,64.200202,35382.51,ACTIVE
SAT07817,38.74978,-111.335425,13330.85,INACTIVE
SAT07818,58.058821,178.046875,4065.1,ACTIVE
SAT07819,43.795763,100.893751,15253.01,MAINTENANCE
SAT07820,8.094541,-133.058685,18101.13,MAINTENANCE
SAT07821,22.037484,-27.05255,4003.21,INACTIVE
SAT07822,33.491282,47.318164,28877.1,INACTIVE
SAT07823,32.159124,116.522475,9011.14,INACTIVE
SAT07824,-81.725383,15.972556,34873.48,MAINTENANCE
SAT07825,-25.093907,-171.108667,33904.71,MAINTENANCE
SAT07826,-37.512465,-165.198729,12862.39,ACTIVE
SAT07827,30.383196,126.543291,35518.17,MAINTENANCE
SAT07828,51.464713,-71.131667,33348.0,INACTIVE
SAT07829,-48.169272,139.774202,23700.91,INACTIVE
SAT07830,-23.950491,-145.832914,15052.98,ACTIVE
SAT07831,-85.008855,137.317573,15205.71,INACTIVE
SAT07832,-48.061054,22.246977,19002.16,INACTIVE
SAT07833,85.766733,81.733536,14446.85,INACTIVE
SAT07834,24.499511,161.563003,17664.15,ACTIVE
SAT07835,-34.391997,-34.558283,25435.72,INACTIVE
SAT07836,-0.592175,-124.132667,29548.78,ACTIVE
SAT07837,-31.698764,-137.566433,35109.54,MAINTENANCE
SAT07838,72.667755,-101.967057,18217.95,INACTIVE
SAT07839,86.608093,-29.853847,33942.01,MAINTENANCE
SAT07840,-58.869532,-51.164225,34125.79,ACTIVE
SAT07841,27.231808,-108.642411,35578.61,ACTIVE
SAT07842,6.672402,-90.368579,4372.17,ACTIVE
SAT07843,39.952269,99.22373,8119.08,INACTIVE
SAT07844,60.662261,9.810852,25897.07,INACTIVE
SAT07845,5.62837,-23.003774,5448.9,INACTIVE
SAT07846,-33.527947,32.770588,25202.14,MAINTENANCE
SAT07847,-33.11814,-47.383014,10800.88,INACTIVE
SAT07848,-67.479334,-88.090217,2590.45,ACTIVE
SAT07849,40.980983,-41.539931,23024.37,ACTIVE
SAT07850,-53.402427,-107.846677,6578.49,MAINTENANCE
SAT07851,35.252335,-119.743004,12468.77,ACTIVE
SAT07852,-82.06146,-34.388917,14507.04,INACTIVE
SAT07853,6.36871,-151.618485,22003.6,INACTIVE
SAT07854,-27.33266,-127.021211,29869.01,MAINTENANCE
SAT07855,71.637347,108.508632,33957.59,INACTIVE
SAT07856,46.526932,-27.165603,17134.29,MAINTENANCE
SAT07857,81.948877,160.783674,25868.53,MAINTENANCE
SAT07858,48.942088,7.517352,17199.52,INACTIVE
SAT07859,24.905877,-35.527723,2292.7,MAINTENANCE
SAT07860,-50.605371,-44.819514,22422.71,MAINTENANCE
SAT07861,16.236813,-40.763631,23963.84,ACTIVE
SAT07862,54.745727,-142.35717,10871.71,INACTIVE
SAT07863,73.296964,-106.744196,18966.89,ACTIVE
SAT07864,26.945814,-53.219482,23635.48,MAINTENANCE
SAT07865,-31.990814,56.630603,19253.92,MAINTENANCE
SAT07866,-56.483728,57.729859,11808.33,ACTIVE
SAT07867,-20.620542,-61.46452,15306.28,MAINTENANCE
SAT07868,48.605266,102.455946,23947.28,MAINTENANCE
SAT07869,-45.766455,-131.374626,23173.09,ACTIVE
SAT07870,-48.361851,16.831722,4828.22,ACTIVE
SAT07871,-29.941808,108.373568,19181.12,MAINTENANCE
SAT07872,27.288938,-42.864908,11387.76,MAINTENANCE
SAT07873,77.421787,15.533954,12389.32,MAINTENANCE
SAT07874,89.789079,170.309863,8433.47,MAINTENANCE
SAT07875,33.350404,-50.569726,5066.71,MAINTENANCE
SAT07876,34.92533,-178.251631,26756.15,ACTIVE
SAT07877,58.563055,-144.334842,32412.86,ACTIVE
SAT07878,31.554127,123.91915,2101.35,ACTIVE
SAT07879,-56.388954,-60.682906,26604.72,ACTIVE
SAT07880,-62.866963,-175.580841,28656.89,MAINTENANCE
SAT07881,69.948728,-132.60132,8768.32,INACTIVE
SAT07882,-72.464565,-173.867487,31560.44,MAINTENANCE
SAT07883,9.754829,138.257493,14715.94,INACTIVE
SAT07884,59.831289,116.631944,16854.78,ACTIVE
SAT07885,58.762701,-88.121753,6452.37,MAINTENANCE
SAT07886,78.315988,-177.878686,23166.1,ACTIVE
SAT07887,30.739421,-100.23048,35547.19,ACTIVE
SAT07888,33.733731,90.918477,15937.09,MAINTENANCE
SAT07889,9.934525,135.391233,12462.2,ACTIVE
SAT07890,8.322674,20.947328,2497.12,MAINTENANCE
SAT07891,-75.558656,16.953037,10325.36,MAINTENANCE
SAT07892,-74.895436,-90.72424,16079.55,ACTIVE
SAT07893,-80.732135,-72.417665,19614.4,ACTIVE
SAT07894,27.063481,113.837442,20423.66,ACTIVE
SAT07895,14.161242,-162.640761,6314.32,MAINTENANCE
SAT07896,28.533278,16.008687,16109.59,MAINTENANCE
SAT07897,18.12239,175.397345,18039.2,ACTIVE
SAT07898,-0.050299,-73.135403,34805.56,MAINTENANCE
SAT07899,10.572917,-43.219308,706.67,INACTIVE
SAT07900,-86.351324,41.19938,30548.37,INACTIVE
SAT07901,85.129281,19.682857,28461.4,INACTIVE
SAT07902,-8.295413,124.694612,29611.3,ACTIVE
SAT07903,22.73671,-41.450966,20171.24,MAINTENANCE
SAT07904,-64.743309,54.989176,17291.21,MAINTENANCE
SAT07905,-64.22754,140.079919,30180.38,ACTIVE
SAT07906,-35.593107,45.362573,34227.72,INACTIVE
SAT07907,65.60744,7.18498,6734.26,INACTIVE
SAT07908,-57.594627,43.406799,30843.05,INACTIVE
SAT07909,27.781357,-74.66103,24587.39,ACTIVE
SAT07910,-72.467074,150.350618,4961.03,MAINTENANCE
SAT07911,-57.97144,137.781072,5213.05,MAINTENANCE
SAT07912,-48.974806,2.573371,34941.1,INACTIVE
SAT07913,27.879532,140.784553,7667.36,INACTIVE
SAT07914,-56.472189,-78.982855,33078.53,MAINTENANCE
SAT07915,59.718025,169.283349,14299.27,INACTIVE
SAT07916,-0.774337,-150.290327,21548.16,INACTIVE
SAT07917,18.834046,30.715565,16116.04,ACTIVE
SAT07918,-9.925501,-139.263125,22850.32,INACTIVE
SAT07919,54.273994,143.136326,6008.72,INACTIVE
SAT07920,-51.210177,11.242532,1768.6,MAINTENANCE
SAT07921,86.904433,37.422713,25866.65,ACTIVE
SAT07922,12.580915,141.710053,29716.32,INACTIVE
SAT07923,-54.850183,-172.145946,35298.13,MAINTENANCE
SAT07924,-9.584515,-56.292628,19209.33,ACTIVE
SAT07925,84.766894,-65.078615,26584.48,MAINTENANCE
SAT07926,31.151487,-36.095518,535.23,ACTIVE
SAT07927,-82.631735,42.195883,28258.13,MAINTENANCE
SAT07928,54.228318,-49.690571,11166.09,MAINTENANCE
SAT07929,-53.956688,-83.224148,29716.9,INACTIVE
SAT07930,-37.876084,39.956527,35072.69,MAINTENANCE
SAT07931,9.89391,-165.645002,7280.5,ACTIVE
SAT07932,-20.728229,96.780213,3172.0,MAINTENANCE
SAT07933,-45.817365,-77.098494,27510.11,MAINTENANCE
SAT07934,-86.125349,-71.868556,32954.26,INACTIVE
SAT07935,-2.103151,-79.582305,6070.12,ACTIVE
SAT07936,-84.828703,39.494778,3429.92,MAINTENANCE
SAT07937,45.985604,120.889259,30883.61,INACTIVE
SAT07938,-33.958336,-66.119409,22688.66,INACTIVE
SAT07939,39.960505,-132.66828,6802.16,MAINTENANCE
SAT07940,-58.802916,-104.166144,18654.38,INACTIVE
SAT07941,3.514965,-112.813348,26473.88,INACTIVE
SAT07942,54.980043,109.505416,29436.43,INACTIVE
SAT07943,7.356995,163.426567,15511.76,INACTIVE
SAT07944,69.19005,-153.660244,7531.34,INACTIVE
SAT07945,29.150156,117.702042,22649.52,MAINTENANCE
SAT07946,1.519082,30.785708,33563.75,INACTIVE
SAT07947,-46.665826,84.325748,10286.4,INACTIVE
SAT07948,56.760745,2.289468,30168.62,MAINTENANCE
SAT07949,64.607646,21.964137,14578.83,INACTIVE
SAT07950,74.105729,-65.525798,9291.42,MAINTENANCE
SAT07951,50.260354,-160.296002,1356.93,MAINTENANCE
SAT07952,-3.16686,67.536171,19524.68,MAINTENANCE
SAT07953,-1.90548,97.616599,26906.35,MAINTENANCE
SAT07954,6.44098,106.317519,12398.8,MAINTENANCE
SAT07955,-46.762914,-149.079211,4870.62,MAINTENANCE
SAT07956,-1.374603,86.324241,20138.01,INACTIVE
SAT07957,-22.370059,-33.868703,18518.91,INACTIVE
SAT07958,-9.982708,-47.35274,3138.89,MAINTENANCE
SAT07959,36.442658,-177.643742,1033.18,ACTIVE
SAT07960,67.39354,-35.096369,26980.9,INACTIVE
SAT07961,27.834473,20.042522,35016.33,INACTIVE
SAT07962,-82.743436,-138.604006,2815.62,MAINTENANCE
SAT07963,29.668046,-36.044919,32208.25,ACTIVE
SAT07964,-56.808697,-130.832364,17787.23,INACTIVE
SAT07965,-50.596448,137.615876,30029.57,ACTIVE
SAT07966,26.922129,-148.578651,32591.56,ACTIVE
SAT07967,-23.602055,89.309112,14289.01,ACTIVE
SAT07968,-85.282927,-5.086475,26981.57,ACTIVE
SAT07969,-3.072147,-29.948535,245.83,ACTIVE
SAT07970,-2.205991,-173.810206,16077.82,MAINTENANCE
SAT07971,-47.464768,121.373722,10283.5,ACTIVE
SAT07972,6.11894,133.057698,16733.44,MAINTENANCE
SAT07973,-5.187215,-61.518152,32340.79,MAINTENANCE
SAT07974,44.396117,119.758176,11640.55,MAINTENANCE
SAT07975,-18.061516,19.177659,35523.81,ACTIVE
SAT07976,-76.100171,-88.788298,33784.63,INACTIVE
SAT07977,-55.99089,3.993322,3868.39,INACTIVE
SAT07978,52.400189,7.948753,15681.93,ACTIVE
SAT07979,-30.02527,-8.882425,20044.65,INACTIVE
SAT07980,-3.762104,-118.056128,23315.36,INACTIVE
SAT07981,79.479501,177.651167,8041.5,ACTIVE
SAT07982,-5.453031,-92.409541,22908.98,ACTIVE
SAT07983,-43.986391,-107.774308,10604.96,ACTIVE
SAT07984,-78.483817,-135.845858,19043.43,INACTIVE
SAT07985,-67.693596,61.770644,17567.32,ACTIVE
SAT07986,60.744306,-175.3914,26373.17,INACTIVE
SAT07987,31.438789,139.658641,13854.82,INACTIVE
SAT07988,53.077945,133.020159,15451.65,MAINTENANCE
SAT07989,17.090446,67.8953,12567.43,MAINTENANCE
SAT07990,27.150165,142.74494,31229.93,MAINTENANCE
SAT07991,27.436493,-19.669282,23443.22,ACTIVE
SAT07992,-36.329786,-147.387996,25936.04,INACTIVE
SAT07993,-22.089002,126.165498,31118.12,INACTIVE
SAT07994,45.457368,-162.813859,6528.67,MAINTENANCE
SAT07995,-55.046097,134.246179,27968.71,INACTIVE
SAT07996,50.640068,3.399017,18909.02,INACTIVE
SAT07997,51.255225,38.428161,26378.61,INACTIVE
SAT07998,36.876054,-160.514986,18013.15,MAINTENANCE
SAT07999,85.098967,-31.822245,8819.01,ACTIVE
SAT08000,-80.424381,124.572888,17112.29,INACTIVE
SAT08001,-68.923281,84.098929,7326.71,INACTIVE
SAT08002,4.269669,-126.067222,18471.64,ACTIVE
SAT08003,-42.040512,-64.219042,17996.5,ACTIVE
SAT08004,-36.881716,43.101711,12323.4,INACTIVE
SAT08005,-22.102169,-84.702577,13263.39,ACTIVE
SAT08006,35.423817,104.319727,32173.08,INACTIVE
SAT08007,2.286132,120.583823,18391.16,ACTIVE
SAT08008,-30.713779,103.103068,3408.19,MAINTENANCE
SAT08009,12.68784,15.234651,337.3,MAINTENANCE
SAT08010,-5.479108,-124.723687,25173.89,INACTIVE
SAT08011,-62.749143,-45.619632,18965.93,INACTIVE
SAT08012,-2.317787,-82.969434,18775.76,MAINTENANCE
SAT08013,-3.884863,-18.317394,31270.2,ACTIVE
SAT08014,68.553042,131.033548,5892.21,ACTIVE
SAT08015,55.510288,134.823981,19148.72,INACTIVE
SAT08016,-80.65328,-65.992431,21645.61,MAINTENANCE
SAT08017,86.715109,3.644987,34687.95,ACTIVE
SAT08018,74.027213,-153.663003,12386.73,INACTIVE
SAT08019,2.936841,16.082635,25806.77,ACTIVE
SAT08020,-35.934598,140.109619,31755.61,MAINTENANCE
SAT08021,-46.098056,-75.120412,15606.2,MAINTENANCE
SAT08022,50.959896,-19.809089,1772.62,ACTIVE
SAT08023,-57.255911,-158.378034,15471.11,INACTIVE
SAT08024,24.0868,110.12503,32378.25,INACTIVE
SAT08025,-60.801814,43.0477,34731.36,ACTIVE
SAT08026,66.078144,69.958359,32226.0,ACTIVE
SAT08027,81.078969,-104.354964,26230.83,MAINTENANCE
SAT08028,4.053534,68.844119,19001.25,ACTIVE
SAT08029,-63.551827,-74.275459,1567.87,ACTIVE
SAT08030,-71.144621,28.856261,10019.01,ACTIVE
SAT08031,-78.652025,129.553138,1584.46,MAINTENANCE
SAT08032,52.182016,-3.436777,21576.6,INACTIVE
SAT08033,58.777443,29.45902,18386.67,INACTIVE
SAT08034,21.919067,151.226593,22275.23,INACTIVE
SAT08035,61.483931,46.764742,28020.72,MAINTENANCE
SAT08036,45.750875,92.439131,25110.73,MAINTENANCE
SAT08037,-73.826646,-4.751569,35399.46,MAINTENANCE
SAT08038,-86.325842,39.886986,1534.56,ACTIVE
SAT08039,33.491637,19.125366,27876.45,ACTIVE
SAT08040,-30.461229,-19.293067,31294.04,ACTIVE
SAT08041,-65.321552,-108.526002,6390.09,ACTIVE
SAT08042,-59.664473,-35.669932,19786.06,INACTIVE
SAT08043,30.050694,17.433815,11671.97,ACTIVE
SAT08044,-50.355199,-43.147049,27366.97,INACTIVE
SAT08045,-79.828142,-41.33001,16854.35,INACTIVE
SAT08046,-42.658902,151.003922,29172.19,MAINTENANCE
SAT08047,75.743826,-13.259685,27256.7,ACTIVE
SAT08048,-3.66546,113.540021,1404.61,MAINTENANCE
SAT08049,-6.612133,47.80672,22793.46,MAINTENANCE
SAT08050,-6.768302,59.84814,10759.67,INACTIVE
SAT08051,32.303686,175.132423,7554.18,INACTIVE
SAT08052,-3.605028,-69.016097,17337.68,MAINTENANCE
SAT08053,42.067914,50.399024,20251.72,ACTIVE
SAT08054,22.61846,128.896343,33930.19,INACTIVE
SAT08055,19.975925,-142.455606,29406.58,INACTIVE
SAT08056,81.964474,176.249783,18948.09,INACTIVE
SAT08057,-38.170474,155.180411,3035.78,INACTIVE
SAT08058,-22.71863,9.221424,18831.66,INACTIVE
SAT08059,-48.874536,-165.840206,33325.41,ACTIVE
SAT08060,67.298636,-93.59387,6032.43,MAINTENANCE
SAT08061,66.250109,124.333756,33249.86,MAINTENANCE
SAT08062,41.621502,14.518621,454.66,INACTIVE
SAT08063,-9.588142,-115.34648,21350.34,MAINTENANCE
SAT08064,59.724984,48.50629,15348.83,INACTIVE
SAT08065,-32.40907,-15.724163,13166.94,INACTIVE
SAT08066,32.124668,109.914982,26053.58,MAINTENANCE
SAT08067,12.651574,-98.174081,29645.11,INACTIVE
SAT08068,-70.180792,52.745148,31337.16,ACTIVE
SAT08069,73.892362,146.020504,34833.17,INACTIVE
SAT08070,75.353582,72.805812,10584.89,INACTIVE
SAT08071,-66.694431,33.468852,25988.13,INACTIVE
SAT08072,51.146084,8.482296,5110.02,ACTIVE
SAT08073,39.664879,5.805615,15482.15,ACTIVE
SAT08074,55.63171,-168.690577,33677.83,MAINTENANCE
SAT08075,-82.040503,-122.619453,24248.52,ACTIVE
SAT08076,-85.087586,-42.691317,4494.17,INACTIVE
SAT08077,51.005317,-78.478314,21672.28,INACTIVE
SAT08078,-31.344553,13.742721,31635.94,ACTIVE
SAT08079,1.404102,104.149179,2295.52,ACTIVE
SAT08080,37.522786,115.81415,34738.83,INACTIVE
SAT08081,-27.591392,131.808814,1763.88,MAINTENANCE
SAT08082,50.936177,-147.083046,16226.44,MAINTENANCE
SAT08083,-79.717479,-87.869172,23028.33,MAINTENANCE
SAT08084,-63.266549,-131.549995,18106.47,MAINTENANCE
SAT08085,-67.391047,-168.809938,1235.05,MAINTENANCE
SAT08086,36.8939,126.934414,4880.9,ACTIVE
SAT08087,11.22321,-159.765113,12453.86,INACTIVE
SAT08088,84.899322,7.851733,25902.28,ACTIVE
SAT08089,31.504049,-46.085621,8828.66,MAINTENANCE
SAT08090,-55.230334,58.361837,31655.11,ACTIVE
SAT08091,-61.131106,-62.214223,12493.86,MAINTENANCE
SAT08092,-20.788441,95.303715,3034.51,INACTIVE
SAT08093,-55.64397,-60.294429,4813.73,INACTIVE
SAT08094,-47.214188,173.610985,6064.36,INACTIVE
SAT08095,19.936088,-15.126263,704.93,ACTIVE
SAT08096,55.780574,70.859997,22169.57,ACTIVE
SAT08097,-87.872291,43.640458,35753.64,ACTIVE
SAT08098,57.865296,136.057762,11611.36,ACTIVE
SAT08099,-69.711092,-52.149624,12376.96,MAINTENANCE
SAT08100,20.965138,157.409418,22839.22,MAINTENANCE
SAT08101,-35.164437,-174.39914,33759.23,INACTIVE
SAT08102,54.076391,-41.219511,32892.19,ACTIVE
SAT08103,-0.127935,-13.337653,35066.58,INACTIVE
SAT08104,-62.22795,171.864151,25963.67,INACTIVE
SAT08105,-84.620996,110.563876,22115.46,INACTIVE
SAT08106,80.665589,-136.514564,12748.72,INACTIVE
SAT08107,-51.259669,-65.613018,14717.97,MAINTENANCE
SAT08108,-76.074123,-5.415657,10228.81,ACTIVE
SAT08109,-48.485855,-72.455027,32969.21,ACTIVE
SAT08110,-56.027982,96.65166,7069.67,MAINTENANCE
SAT08111,-66.807474,-86.43601,16602.66,MAINTENANCE
SAT08112,14.268439,-74.609654,14324.15,ACTIVE
SAT08113,87.263938,-90.000304,12041.78,ACTIVE
SAT08114,29.022598,176.888121,34523.34,INACTIVE
SAT08115,50.546529,-41.68216,5142.44,MAINTENANCE
SAT08116,68.317167,113.427893,4985.61,ACTIVE
SAT08117,-53.768445,152.064158,21556.14,INACTIVE
SAT08118,47.604167,11.331726,25410.03,MAINTENANCE
SAT08119,-46.87698,75.069721,21596.06,MAINTENANCE
SAT08120,67.510488,-143.98911,4071.8,MAINTENANCE
SAT08121,-60.312246,112.900479,18432.5,MAINTENANCE
SAT08122,43.149086,112.072727,20099.67,INACTIVE
SAT08123,72.63069,-38.294981,18564.57,MAINTENANCE
SAT08124,12.670788,-114.131993,14718.46,ACTIVE
SAT08125,-56.267488,71.297297,35211.52,INACTIVE
SAT08126,32.257757,-139.287875,10506.16,INACTIVE
SAT08127,-40.718953,-46.279919,13973.23,ACTIVE
SAT08128,82.154693,43.628251,20890.93,INACTIVE
SAT08129,-49.636157,45.527129,32683.21,ACTIVE
SAT08130,34.431079,-67.96934,8558.05,MAINTENANCE
SAT08131,6.106065,-60.320149,28755.09,ACTIVE
SAT08132,-69.483606,42.150667,35365.62,MAINTENANCE
SAT08133,-12.002672,-56.094248,4003.06,INACTIVE
SAT08134,84.976135,-102.31599,28311.95,INACTIVE
SAT08135,-89.745658,47.526295,24895.73,ACTIVE
SAT08136,-5.191976,73.240142,33280.37,MAINTENANCE
SAT08137,-71.622081,17.652595,33860.51,INACTIVE
SAT08138,69.907945,-176.791467,34891.28,MAINTENANCE
SAT08139,55.792697,44.725375,9038.59,MAINTENANCE
SAT08140,23.802871,-57.230886,1315.33,INACTIVE
SAT08141,-89.049773,-173.756264,5605.18,MAINTENANCE
SAT08142,-75.404715,-173.202333,24026.64,ACTIVE
SAT08143,70.044234,170.034918,3904.69,ACTIVE
SAT08144,-54.272408,100.666568,35183.41,ACTIVE
SAT08145,-78.187709,-123.778216,29847.1,ACTIVE
SAT08146,-64.028051,121.569249,15097.09,ACTIVE
SAT08147,-29.916511,-144.638819,14514.07,MAINTENANCE
SAT08148,62.890212,92.971705,24207.72,INACTIVE
SAT08149,54.101667,129.007472,16383.97,MAINTENANCE
SAT08150,-86.545362,-59.787401,15688.82,INACTIVE
SAT08151,58.968417,48.385327,21038.13,ACTIVE
SAT08152,69.793352,90.96623,15829.17,INACTIVE
SAT08153,2.796689,127.038506,10954.17,INACTIVE
SAT08154,9.198264,35.606623,3677.37,INACTIVE
SAT08155,56.702358,97.028907,6682.17,ACTIVE
SAT08156,28.635018,-110.845213,32572.6,ACTIVE
SAT08157,-74.144811,-69.667743,12502.28,MAINTENANCE
SAT08158,-74.730388,-118.020993,29347.94,INACTIVE
SAT08159,74.772346,53.638536,34891.32,INACTIVE
SAT08160,-47.902548,102.13776,1663.98,MAINTENANCE
SAT08161,-52.361041,22.992327,31432.46,INACTIVE
SAT08162,-3.248875,141.236127,21156.78,MAINTENANCE
SAT08163,-14.098401,-162.981416,17530.27,INACTIVE
SAT08164,-86.528234,63.793938,8663.51,MAINTENANCE
SAT08165,-3.758922,78.111907,15744.07,ACTIVE
SAT08166,41.292168,-22.289074,13873.69,ACTIVE
SAT08167,26.786499,88.04883,13330.29,ACTIVE
SAT08168,-28.164554,-27.860601,19452.42,ACTIVE
SAT08169,5.387153,-64.559489,13639.55,MAINTENANCE
SAT08170,2.4932,154.031956,35576.64,MAINTENANCE
SAT08171,-36.314153,128.13755,12701.14,ACTIVE
SAT08172,19.731479,-78.324331,11387.74,ACTIVE
SAT08173,50.104711,55.121692,22929.81,MAINTENANCE
SAT08174,-64.555401,-72.466775,16122.59,ACTIVE
SAT08175,-67.614463,-81.945387,27903.14,INACTIVE
SAT08176,52.784695,-150.888452,17959.7,INACTIVE
SAT08177,-77.831488,1.056626,28321.81,MAINTENANCE
SAT08178,-70.50509,102.46642,28475.1,MAINTENANCE
SAT08179,-12.729941,-88.991488,26012.72,INACTIVE
SAT08180,74.370371,173.953713,16038.89,INACTIVE
SAT08181,24.002825,165.952211,15572.25,ACTIVE
SAT08182,5.811511,9.419799,33103.32,MAINTENANCE
SAT08183,55.590032,71.388339,1682.99,MAINTENANCE
SAT08184,7.879352,144.198725,22706.74,INACTIVE
SAT08185,-54.900363,153.761888,14920.85,ACTIVE
SAT08186,-9.096002,-42.508173,9198.76,ACTIVE
SAT08187,16.10061,90.770653,33324.02,MAINTENANCE
SAT08188,75.493397,84.395705,10960.43,ACTIVE
SAT08189,-53.672103,53.713671,18811.26,MAINTENANCE
SAT08190,32.399503,159.612997,5377.32,MAINTENANCE
SAT08191,66.654509,-155.523814,30208.32,MAINTENANCE
SAT08192,-57.906873,-158.352052,2164.57,MAINTENANCE
SAT08193,-22.733685,59.961948,22132.29,MAINTENANCE
SAT08194,-47.805297,51.08914,35508.34,MAINTENANCE
SAT08195,40.471706,-66.223826,18725.3,ACTIVE
SAT08196,68.142235,-69.931854,17449.99,MAINTENANCE
SAT08197,77.056929,-163.57479,21665.8,ACTIVE
SAT08198,50.700943,158.08804,9029.3,ACTIVE
SAT08199,37.58202,-81.551828,29485.73,ACTIVE
SAT08200,13.144899,-113.722117,871.76,INACTIVE
SAT08201,14.342904,126.699849,1825.38,MAINTENANCE
SAT08202,-73.697461,111.404115,6227.57,MAINTENANCE
SAT08203,49.119497,-120.073623,15171.52,INACTIVE
SAT08204,37.255759,150.728298,35347.14,INACTIVE
SAT08205,48.038326,45.831141,502.86,INACTIVE
SAT08206,63.907662,-149.791464,18298.85,MAINTENANCE
SAT08207,89.118737,126.869826,29285.9,ACTIVE
SAT08208,69.628293,163.232654,3899.21,ACTIVE
SAT08209,86.283203,27.42134,34556.14,INACTIVE
SAT08210,-39.465004,-36.554339,30000.7,INACTIVE
SAT08211,58.311716,-85.282902,29184.99,MAINTENANCE
SAT08212,48.725415,-160.333092,23412.39,INACTIVE
SAT08213,-14.475537,116.492389,31720.98,INACTIVE
SAT08214,19.362395,49.289715,7407.34,ACTIVE
SAT08215,23.990339,-170.927476,5799.67,INACTIVE
SAT08216,-48.591535,176.024458,17644.23,INACTIVE
SAT08217,20.403011,-147.035245,33569.23,ACTIVE
SAT08218,-81.58079,-150.918847,20160.64,MAINTENANCE
SAT08219,-11.024683,-174.132951,33207.01,MAINTENANCE
SAT08220,-85.254753,-77.752036,32721.37,MAINTENANCE
SAT08221,-0.644763,151.117823,18312.01,MAINTENANCE
SAT08222,69.941781,-46.405328,14921.58,INACTIVE
SAT08223,-64.343558,134.976305,24116.08,INACTIVE
SAT08224,-10.052635,4.37239,21388.86,INACTIVE
SAT08225,74.206114,13.882697,25940.13,MAINTENANCE
SAT08226,-79.111333,-113.365837,35096.46,MAINTENANCE
SAT08227,31.996815,-68.58616,20921.61,ACTIVE
SAT08228,-56.729663,43.993516,10860.98,ACTIVE
SAT08229,75.37821,-58.142796,5784.38,MAINTENANCE
SAT08230,30.128905,-169.887677,29250.77,ACTIVE
SAT08231,55.126224,67.043276,9511.67,MAINTENANCE
SAT08232,86.507883,54.17417,23399.34,MAINTENANCE
SAT08233,-50.035491,129.103037,27191.37,INACTIVE
SAT08234,-37.929807,50.79677,20612.57,MAINTENANCE
SAT08235,-35.346814,-110.307271,34939.18,INACTIVE
SAT08236,-74.052568,-37.548795,34602.24,INACTIVE
SAT08237,74.457279,-46.524514,31474.12,MAINTENANCE
SAT08238,75.254757,-42.120868,14219.82,ACTIVE
SAT08239,69.591501,90.001863,29978.28,ACTIVE
SAT08240,-3.102689,-160.834515,4568.3,MAINTENANCE
SAT08241,-1.439817,-49.673103,16194.89,MAINTENANCE
SAT08242,-86.467699,-110.46832,27409.56,MAINTENANCE
SAT08243,-67.873701,-0.470425,33005.74,INACTIVE
SAT08244,-42.05298,-76.294497,17830.83,ACTIVE
SAT08245,20.506086,5.358228,7521.19,INACTIVE
SAT08246,-5.153059,-136.182299,14113.63,INACTIVE
SAT08247,45.924092,-173.892206,4684.23,INACTIVE
SAT08248,76.709241,-73.27733,14412.38,MAINTENANCE
SAT08249,-36.719138,115.39104,2059.12,MAINTENANCE
SAT08250,7.144988,110.046938,16219.45,ACTIVE
SAT08251,-26.505738,-164.19826,27286.89,MAINTENANCE
SAT08252,-39.851967,6.993758,12858.12,ACTIVE
SAT08253,46.232967,-33.843381,24625.82,INACTIVE
SAT08254,31.60415,64.583,35305.96,ACTIVE
SAT08255,21.125151,14.698964,23004.83,MAINTENANCE
SAT08256,-78.808257,49.939782,3472.34,MAINTENANCE
SAT08257,-63.007869,-139.952724,11174.68,MAINTENANCE
SAT08258,14.838746,110.525806,34367.37,MAINTENANCE
SAT08259,-53.186177,12.436344,7705.16,INACTIVE
SAT08260,31.324071,159.690395,21450.17,MAINTENANCE
SAT08261,54.577301,-107.96641,16324.44,INACTIVE
SAT08262,28.894931,-48.595513,9583.96,INACTIVE
SAT08263,61.540522,146.772756,19269.78,INACTIVE
SAT08264,18.95423,-116.454822,11460.12,ACTIVE
SAT08265,1.153727,61.992813,18740.81,MAINTENANCE
SAT08266,6.052672,-124.161754,31195.88,INACTIVE
SAT08267,-17.76776,149.311951,14279.74,MAINTENANCE
SAT08268,-27.38493,-43.282124,5902.6,MAINTENANCE
SAT08269,-58.87703,-4.859921,23506.99,MAINTENANCE
SAT08270,-0.007007,-36.291195,9621.82,INACTIVE
SAT08271,9.144435,-62.168251,4620.48,INACTIVE
SAT08272,-77.914522,28.144537,25678.45,MAINTENANCE
SAT08273,84.677873,153.800678,20422.33,INACTIVE
SAT08274,-7.040091,-47.92663,33310.03,ACTIVE
SAT08275,-30.66978,142.400458,20149.63,ACTIVE
SAT08276,-63.195081,-4.299821,24765.91,MAINTENANCE
SAT08277,-52.734661,37.970809,26045.33,INACTIVE
SAT08278,1.357018,-57.064657,14205.31,MAINTENANCE
SAT08279,14.533332,-120.954789,13228.82,INACTIVE
SAT08280,-72.293535,-67.588912,10475.78,INACTIVE
SAT08281,89.347584,-74.031463,22536.42,INACTIVE
SAT08282,8.674193,-75.460206,34912.81,MAINTENANCE
SAT08283,-87.513622,-159.524128,22024.52,INACTIVE
SAT08284,-51.646184,46.296469,24260.12,INACTIVE
SAT08285,78.190488,-101.719891,22005.44,INACTIVE
SAT08286,44.999986,-138.629321,32669.77,INACTIVE
SAT08287,-50.377903,108.68878,1564.85,INACTIVE
SAT08288,-76.186089,131.760648,10342.36,INACTIVE
SAT08289,-12.04262,83.582269,7181.96,INACTIVE
SAT08290,-84.363805,170.63683,25705.5,ACTIVE
SAT08291,8.907305,128.151488,17499.63,INACTIVE
SAT08292,16.845294,108.143659,9653.68,INACTIVE
SAT08293,-12.564976,-111.572614,20725.44,ACTIVE
SAT08294,30.266248,-82.229693,525.02,ACTIVE
SAT08295,77.436804,-142.065594,28934.07,MAINTENANCE
SAT08296,68.985833,-52.631283,2230.35,INACTIVE
SAT08297,-60.007428,58.276231,9323.52,ACTIVE
SAT08298,74.023692,-109.475187,13563.98,MAINTENANCE
SAT08299,-34.6522,-68.155344,12176.11,MAINTENANCE
SAT08300,-8.554191,54.903835,18665.9,ACTIVE
SAT08301,-0.403712,114.839359,15854.65,INACTIVE
SAT08302,73.919369,113.24652,16229.16,INACTIVE
SAT08303,45.007293,-75.206595,8338.38,INACTIVE
SAT08304,-27.755287,-31.303198,3412.35,MAINTENANCE
SAT08305,-76.231801,27.473712,28171.71,MAINTENANCE
SAT08306,-84.122126,64.881887,3877.67,MAINTENANCE
SAT08307,-55.179175,48.896633,2687.45,INACTIVE
SAT08308,26.809318,132.042403,2280.06,ACTIVE
SAT08309,89.44452,-96.510476,7672.61,MAINTENANCE
SAT08310,50.330989,-6.808683,25518.82,MAINTENANCE
SAT08311,-29.004165,65.559316,24306.75,INACTIVE
SAT08312,-53.894478,106.102991,16539.52,MAINTENANCE
SAT08313,48.459363,164.400459,11445.35,INACTIVE
SAT08314,-8.946215,-144.839669,5087.18,ACTIVE
SAT08315,11.89534,16.292744,23420.38,MAINTENANCE
SAT08316,-38.492726,-138.020613,4090.0,ACTIVE
SAT08317,9.424891,41.607276,7061.67,ACTIVE
SAT08318,84.01557,-168.95304,8534.13,MAINTENANCE
SAT08319,76.362043,-112.469232,11229.44,INACTIVE
SAT08320,-50.423979,-176.552793,11025.48,ACTIVE
SAT08321,42.722777,89.821781,34562.2,MAINTENANCE
SAT08322,51.906461,71.566974,18239.05,ACTIVE
SAT08323,-37.131126,46.075725,22888.66,ACTIVE
SAT08324,-36.249084,-13.686928,35041.25,ACTIVE
SAT08325,-7.095609,-42.76832,2566.14,ACTIVE
SAT08326,41.07257,100.907833,22216.94,ACTIVE
SAT08327,-18.018511,160.922028,8816.0,INACTIVE
SAT08328,-66.871772,178.876413,33096.21,ACTIVE
SAT08329,26.03751,-30.526573,29285.22,MAINTENANCE
SAT08330,-83.28094,40.194531,12030.28,INACTIVE
SAT08331,86.934162,-67.653201,30739.69,ACTIVE
SAT08332,-75.741553,178.397408,14696.41,ACTIVE
SAT08333,54.361387,-62.811272,24963.1,ACTIVE
SAT08334,-14.661465,-83.311057,28545.11,ACTIVE
SAT08335,-40.876802,109.442928,16350.13,INACTIVE
SAT08336,70.528185,31.975164,9190.6,MAINTENANCE
SAT08337,5.201008,26.450441,27825.97,ACTIVE
SAT08338,85.227044,-71.995353,13892.12,INACTIVE
SAT08339,-24.766676,-102.898725,34119.26,ACTIVE
SAT08340,-68.153913,39.450828,24379.81,MAINTENANCE
SAT08341,68.929664,-98.071462,24693.39,MAINTENANCE
SAT08342,-69.386009,77.930193,23718.85,MAINTENANCE
SAT08343,34.41411,122.324788,8932.17,MAINTENANCE
SAT08344,-5.810026,81.995428,13203.88,MAINTENANCE
SAT08345,34.832158,-31.626502,34817.03,INACTIVE
SAT08346,-62.659283,56.8044,25617.22,INACTIVE
SAT08347,5.271474,-57.534388,35604.99,INACTIVE
SAT08348,16.705503,-50.635059,2420.33,INACTIVE
SAT08349,24.187712,131.351793,26923.88,MAINTENANCE
SAT08350,-17.124593,17.330645,26144.61,INACTIVE
SAT08351,84.500981,28.50798,1252.11,MAINTENANCE
SAT08352,35.563258,145.69865,25539.74,INACTIVE
SAT08353,-83.930849,49.614657,8061.55,INACTIVE
SAT08354,13.014264,-44.494256,32062.58,ACTIVE
SAT08355,5.247245,-32.013413,29199.28,INACTIVE
SAT08356,-59.127608,-159.83441,31345.21,MAINTENANCE
SAT08357,66.657352,123.170738,30572.61,MAINTENANCE
SAT08358,59.85999,86.656188,12112.72,ACTIVE
SAT08359,-89.158298,169.167032,6580.08,ACTIVE
SAT08360,-65.622989,120.30605,18003.86,INACTIVE
SAT08361,-70.498551,126.24773,10449.88,INACTIVE
SAT08362,29.089898,-14.057179,34025.9,MAINTENANCE
SAT08363,-5.579661,73.829548,15379.09,MAINTENANCE
SAT08364,-26.420806,134.363343,17604.06,MAINTENANCE
SAT08365,-5.124201,-126.99916,10545.72,MAINTENANCE
SAT08366,19.355028,-63.539292,21663.83,MAINTENANCE
SAT08367,-21.704542,83.930095,13003.45,INACTIVE
SAT08368,30.389143,-126.796659,3528.2,ACTIVE
SAT08369,59.564987,72.035173,2108.52,ACTIVE
SAT08370,84.229531,10.866052,3233.09,INACTIVE
SAT08371,31.340551,-14.859062,6277.9,ACTIVE
SAT08372,-17.465864,107.05462,21251.57,ACTIVE
SAT08373,-57.294673,-155.653127,9561.54,ACTIVE
SAT08374,-72.748912,-179.028533,18879.47,ACTIVE
SAT08375,-65.96318,-46.657986,17023.48,ACTIVE
SAT08376,66.866061,-53.204587,20560.51,ACTIVE
SAT08377,-86.353634,153.483646,3909.99,MAINTENANCE
SAT08378,57.424429,-145.867913,34057.79,INACTIVE
SAT08379,-1.258626,173.134016,6514.08,MAINTENANCE
SAT08380,34.434537,13.149434,5182.9,ACTIVE
SAT08381,-14.505354,-100.592904,28134.42,ACTIVE
SAT08382,67.937103,-168.359906,20742.98,ACTIVE
SAT08383,88.868124,-61.528641,30883.33,MAINTENANCE
SAT08384,55.22041,-23.93264,3490.88,MAINTENANCE
SAT08385,52.295825,-5.477929,13922.74,ACTIVE
SAT08386,-52.721456,149.862846,28525.25,INACTIVE
SAT08387,-35.562286,-147.496936,22581.97,INACTIVE
SAT08388,49.99723,86.390259,28535.42,INACTIVE
SAT08389,-32.594875,-124.510002,11499.65,ACTIVE
SAT08390,-64.843629,-170.578441,25795.1,INACTIVE
SAT08391,-5.022047,76.691707,34593.33,ACTIVE
SAT08392,45.448645,26.817334,20533.9,MAINTENANCE
SAT08393,45.75363,100.946,34736.46,INACTIVE
SAT08394,-71.68294,-16.734873,6770.79,INACTIVE
SAT08395,38.249409,17.93496,221.81,ACTIVE
SAT08396,-6.667304,52.786145,28365.33,MAINTENANCE
SAT08397,-0.849844,-89.745541,10841.63,INACTIVE
SAT08398,41.581094,-154.051323,12296.73,INACTIVE
SAT08399,-36.391179,-149.781853,21950.69,INACTIVE
SAT08400,-18.843277,-14.06496,3594.53,INACTIVE
SAT08401,-10.05369,-165.136276,18110.39,MAINTENANCE
SAT08402,4.449921,-165.106016,22897.4,ACTIVE
SAT08403,51.750183,175.142149,7733.48,ACTIVE
SAT08404,-37.720823,-103.418199,33222.03,MAINTENANCE
SAT08405,42.502109,-147.031856,26769.81,ACTIVE
SAT08406,-42.506126,19.463841,4505.04,INACTIVE
SAT08407,33.556473,-43.050153,29386.57,ACTIVE
SAT08408,12.743765,129.249685,9720.2,ACTIVE
SAT08409,-14.758826,42.060382,18712.17,MAINTENANCE
SAT08410,26.346979,-97.497394,32227.32,INACTIVE
SAT08411,50.114388,-5.373559,30371.31,MAINTENANCE
SAT08412,31.201119,-161.448944,3622.51,ACTIVE
SAT08413,18.603413,-16.771903,8266.7,ACTIVE
SAT08414,-1.524161,-116.718896,15695.03,MAINTENANCE
SAT08415,-87.01161,-29.373418,12020.95,MAINTENANCE
SAT08416,-4.221312,-47.880544,10338.43,ACTIVE
SAT08417,-50.244308,-136.084713,340.25,ACTIVE
SAT08418,-48.405469,-52.144809,23774.1,ACTIVE
SAT08419,-4.94748,-112.577792,22849.43,ACTIVE
SAT08420,-83.787476,119.920693,23373.6,ACTIVE
SAT08421,21.443292,62.516182,30780.27,ACTIVE
SAT08422,-1.342323,4.37787,3123.66,MAINTENANCE
SAT08423,13.695805,146.994866,34241.25,ACTIVE
SAT08424,19.929283,-121.596446,13629.34,INACTIVE
SAT08425,-27.254394,52.361478,33715.49,MAINTENANCE
SAT08426,-76.102032,-41.977445,10279.9,ACTIVE
SAT08427,51.073694,-66.845372,12327.96,INACTIVE
SAT08428,71.416261,-37.893302,379.75,ACTIVE
SAT08429,26.099641,-47.673513,29200.57,INACTIVE
SAT08430,-63.988509,63.87041,26290.71,MAINTENANCE
SAT08431,-60.656361,-1.410633,32168.37,INACTIVE
SAT08432,-87.445842,-118.978704,34017.65,MAINTENANCE
SAT08433,78.295238,105.285578,2135.23,INACTIVE
SAT08434,-71.119933,146.038694,28296.31,MAINTENANCE
SAT08435,67.501098,-17.746694,32977.82,MAINTENANCE
SAT08436,31.107591,72.130018,30585.45,ACTIVE
SAT08437,-1.611586,29.297134,33588.48,ACTIVE
SAT08438,-39.063506,91.30772,33554.24,ACTIVE
SAT08439,-64.057986,151.489047,10944.08,ACTIVE
SAT08440,74.064522,74.83675,14025.76,ACTIVE
SAT08441,25.88397,18.836183,3608.08,INACTIVE
SAT08442,-30.009045,13.014018,12920.16,ACTIVE
SAT08443,-68.333123,43.391422,35041.28,INACTIVE
SAT08444,-8.218999,125.434666,20839.54,MAINTENANCE
SAT08445,-51.969805,95.64851,4618.28,INACTIVE
SAT08446,-16.86208,-57.834571,18787.43,MAINTENANCE
SAT08447,52.995843,-153.755118,15662.08,INACTIVE
SAT08448,41.101084,-35.05199,18683.73,MAINTENANCE
SAT08449,11.55398,157.886724,32373.03,INACTIVE
SAT08450,-74.830448,117.660855,35812.89,MAINTENANCE
SAT08451,14.26186,30.680065,20814.66,INACTIVE
SAT08452,62.040724,103.874637,12484.33,MAINTENANCE
SAT08453,89.316166,48.733263,8605.98,ACTIVE
SAT08454,54.636286,-152.777348,10998.91,INACTIVE
SAT08455,-14.202121,54.886675,11892.02,MAINTENANCE
SAT08456,64.414802,119.799137,21783.4,ACTIVE
SAT08457,20.071004,-0.713377,13395.54,ACTIVE
SAT08458,35.670775,38.881687,31657.26,MAINTENANCE
SAT08459,-9.716235,146.061549,8253.76,MAINTENANCE
SAT08460,66.898285,118.596032,26869.41,MAINTENANCE
SAT08461,43.774388,141.513303,17126.49,ACTIVE
SAT08462,-88.251846,28.249984,34823.02,INACTIVE
SAT08463,-36.279551,33.924483,11601.21,INACTIVE
SAT08464,-50.740535,-123.957485,29826.66,ACTIVE
SAT08465,-16.023154,-80.608608,23276.89,INACTIVE
SAT08466,63.458343,-26.230263,28060.81,ACTIVE
SAT08467,-73.620225,122.839712,35668.79,INACTIVE
SAT08468,23.608547,1.761703,4259.45,INACTIVE
SAT08469,88.443414,144.698294,4288.99,INACTIVE
SAT08470,1.905894,25.54558,7978.56,INACTIVE
SAT08471,15.667236,-88.110477,4590.01,MAINTENANCE
SAT08472,60.91356,-121.03249,1857.32,ACTIVE
SAT08473,-82.812371,99.424886,13433.44,ACTIVE
SAT08474,41.747402,53.039786,32732.42,MAINTENANCE
SAT08475,43.777573,-128.992727,6073.23,ACTIVE
SAT08476,45.70049,-34.400372,35855.75,ACTIVE
SAT08477,-50.366747,-57.870445,15691.73,INACTIVE
SAT08478,-84.014167,23.275791,22893.23,MAINTENANCE
SAT08479,-9.643519,-118.711264,19788.87,ACTIVE
SAT08480,36.807047,-69.78675,1113.58,INACTIVE
SAT08481,12.933071,-37.457442,1826.29,MAINTENANCE
SAT08482,28.988926,-24.35039,21110.61,MAINTENANCE
SAT08483,-74.696368,38.659156,20949.51,INACTIVE
SAT08484,82.707632,-11.497642,34027.51,INACTIVE
SAT08485,4.840167,-63.206703,11623.59,ACTIVE
SAT08486,82.235191,179.780257,34407.99,ACTIVE
SAT08487,42.47722,42.671704,30027.0,MAINTENANCE
SAT08488,15.682111,128.439168,12048.05,INACTIVE
SAT08489,-11.733423,-136.265795,10053.4,ACTIVE
SAT08490,13.493225,84.536346,7343.28,ACTIVE
SAT08491,-33.958758,-141.140622,12669.5,INACTIVE
SAT08492,-67.100678,138.366948,32342.75,INACTIVE
SAT08493,-26.354974,35.835492,26800.62,INACTIVE
SAT08494,81.736649,-73.524123,16413.21,INACTIVE
SAT08495,-12.94434,-44.042215,22701.7,INACTIVE
SAT08496,-61.444278,138.664349,25263.97,INACTIVE
SAT08497,-72.982589,-82.513261,28051.67,MAINTENANCE
SAT08498,-39.910122,-175.041792,33787.72,MAINTENANCE
SAT08499,-4.707278,-118.748984,10177.82,ACTIVE
SAT08500,35.907897,80.547405,19625.47,ACTIVE
SAT08501,86.366686,-170.909159,26642.07,MAINTENANCE
SAT08502,-20.691187,-76.400996,24025.28,MAINTENANCE
SAT08503,77.955828,-115.547493,9744.06,INACTIVE
SAT08504,-34.129548,63.381268,21054.17,ACTIVE
SAT08505,-38.084402,-7.462057,24392.05,MAINTENANCE
SAT08506,86.136758,168.428552,12251.81,INACTIVE
SAT08507,-88.562671,-76.61142,10800.16,MAINTENANCE
SAT08508,-47.15035,-65.135502,8877.35,ACTIVE
SAT08509,-13.536517,-40.308752,20762.27,ACTIVE
SAT08510,-51.344081,-70.37998,24203.92,MAINTENANCE
SAT08511,34.519699,-168.639545,3628.17,INACTIVE
SAT08512,34.609861,-73.393938,29488.94,MAINTENANCE
SAT08513,58.877374,87.957338,23535.7,MAINTENANCE
SAT08514,34.167119,-12.737473,35023.18,MAINTENANCE
SAT08515,78.449367,39.548979,530.66,MAINTENANCE
SAT08516,29.029506,62.153092,2348.35,INACTIVE
SAT08517,-1.410087,112.100282,14544.69,MAINTENANCE
SAT08518,12.12226,124.849666,34543.9,MAINTENANCE
SAT08519,41.326488,10.438429,12668.98,INACTIVE
SAT08520,-6.117548,125.859729,19693.24,MAINTENANCE
SAT08521,-43.083858,143.783581,25437.06,INACTIVE
SAT08522,76.339903,126.59508,24460.25,MAINTENANCE
SAT08523,41.828596,-173.380726,11771.69,MAINTENANCE
SAT08524,-68.101463,-68.695399,16349.48,ACTIVE
SAT08525,43.5162,53.514978,23518.01,INACTIVE
SAT08526,-65.290019,131.057877,25552.14,MAINTENANCE
SAT08527,1.170318,35.710822,23717.65,INACTIVE
SAT08528,-63.127535,119.594692,17478.06,MAINTENANCE
SAT08529,16.854165,153.928508,26207.76,ACTIVE
SAT08530,80.469065,112.426098,27567.67,ACTIVE
SAT08531,-7.10306,-120.861076,25077.5,INACTIVE
SAT08532,-19.873845,-101.551307,17179.16,INACTIVE
SAT08533,-62.065176,-17.668785,29260.35,ACTIVE
SAT08534,-36.517844,37.539144,15845.62,INACTIVE
SAT08535,-48.277749,146.504492,25442.92,MAINTENANCE
SAT08536,-54.446581,-159.109603,33434.36,INACTIVE
SAT08537,12.563975,116.056659,8082.74,MAINTENANCE
SAT08538,86.538081,87.70442,17308.39,INACTIVE
SAT08539,24.688138,-89.645661,6723.27,ACTIVE
SAT08540,-24.750206,-7.664107,31920.41,INACTIVE
SAT08541,25.67067,-132.640231,35560.77,ACTIVE
SAT08542,-64.61137,-11.871523,23786.56,MAINTENANCE
SAT08543,-53.383998,-128.355024,31253.06,MAINTENANCE
SAT08544,-40.084443,70.680228,20775.04,ACTIVE
SAT08545,29.897808,-74.015542,32724.3,INACTIVE
SAT08546,-48.494093,-154.168756,19113.49,ACTIVE
SAT08547,-71.047133,-65.782383,3051.35,ACTIVE
SAT08548,-6.006277,-104.081863,25401.35,INACTIVE
SAT08549,-52.636181,129.73816,26209.25,INACTIVE
SAT08550,-5.514572,-174.409643,20806.71,INACTIVE
SAT08551,-27.252545,-168.8441,32087.83,INACTIVE
SAT08552,18.158511,-62.483613,13358.19,ACTIVE
SAT08553,67.998407,174.584573,22462.96,INACTIVE
SAT08554,54.935145,23.312355,4692.58,MAINTENANCE
SAT08555,-64.863075,-143.645729,25691.37,MAINTENANCE
SAT08556,5.904102,-143.953651,5303.28,ACTIVE
SAT08557,2.6332,-123.158169,16079.42,INACTIVE
SAT08558,7.252237,23.144838,34008.41,ACTIVE
SAT08559,-4.975237,31.15111,7929.22,MAINTENANCE
SAT08560,26.013384,-19.971245,15474.86,INACTIVE
SAT08561,26.68516,33.084677,24908.88,MAINTENANCE
SAT08562,-63.794174,-81.833185,18218.17,INACTIVE
SAT08563,-83.340983,168.530531,12805.28,ACTIVE
SAT08564,-47.080612,-84.432482,9368.89,ACTIVE
SAT08565,29.167773,-33.275069,15218.68,MAINTENANCE
SAT08566,28.848737,-20.214922,12496.33,ACTIVE
SAT08567,3.254925,5.645388,20223.85,MAINTENANCE
SAT08568,87.605269,25.711228,2355.73,ACTIVE
SAT08569,27.531677,-12.833591,16794.37,INACTIVE
SAT08570,56.755931,-30.502615,26934.06,MAINTENANCE
SAT08571,32.398818,-88.986596,20088.6,MAINTENANCE
SAT08572,51.910969,-122.871746,30372.84,MAINTENANCE
SAT08573,21.938194,-81.361806,25415.65,INACTIVE
SAT08574,31.177417,-123.845557,13850.2,ACTIVE
SAT08575,67.724827,-89.832238,5872.75,INACTIVE
SAT08576,-79.826107,-163.768938,1329.05,INACTIVE
SAT08577,16.262982,19.19867,23559.25,MAINTENANCE
SAT08578,4.880262,9.588876,22009.62,ACTIVE
SAT08579,-18.489974,-135.022922,34561.92,MAINTENANCE
SAT08580,86.68986,164.806058,18518.12,MAINTENANCE
SAT08581,10.612092,87.428724,24501.13,MAINTENANCE
SAT08582,38.188795,-75.664355,15081.21,INACTIVE
SAT08583,68.454813,-53.975013,25243.17,INACTIVE
SAT08584,-6.037525,-139.195314,11907.95,ACTIVE
SAT08585,-61.419095,-170.096894,30207.23,ACTIVE
SAT08586,44.667052,97.395998,11942.93,ACTIVE
SAT08587,-36.60519,-27.363304,33724.34,ACTIVE
SAT08588,4.276753,102.323073,14717.25,INACTIVE
SAT08589,-29.21106,-129.942324,658.88,INACTIVE
SAT08590,-32.984348,172.829568,28470.99,MAINTENANCE
SAT08591,28.46736,-123.256871,28696.72,INACTIVE
SAT08592,-34.96605,174.651351,20895.55,MAINTENANCE
SAT08593,49.515511,19.724907,8895.07,ACTIVE
SAT08594,-20.851748,59.706311,35775.89,ACTIVE
SAT08595,-81.160505,172.037067,35781.44,INACTIVE
SAT08596,-6.008056,102.141756,26825.52,INACTIVE
SAT08597,41.830166,-8.617955,33277.19,ACTIVE
SAT08598,-83.594793,-20.253381,22054.13,INACTIVE
SAT08599,81.282144,-19.857936,11012.93,ACTIVE
SAT08600,51.819294,144.442218,10034.82,ACTIVE
SAT08601,-16.745699,-18.601545,34873.32,MAINTENANCE
SAT08602,10.229157,-74.920442,1071.13,INACTIVE
SAT08603,-80.9562,-61.678742,4149.61,MAINTENANCE
SAT08604,-65.870764,-36.425748,35619.25,INACTIVE
SAT08605,77.73011,-158.845622,14394.36,ACTIVE
SAT08606,88.750219,-174.330435,11971.63,INACTIVE
SAT08607,-59.998608,-142.870836,29169.28,ACTIVE
SAT08608,-64.663382,163.990128,35376.25,INACTIVE
SAT08609,6.718332,122.994895,10472.47,MAINTENANCE
SAT08610,68.210812,-83.800925,24304.12,MAINTENANCE
SAT08611,34.540977,-135.109903,14041.97,INACTIVE
SAT08612,-44.609998,107.839566,15665.88,INACTIVE
SAT08613,-14.970422,-127.739935,18149.13,INACTIVE
SAT08614,-24.57655,77.454303,29401.92,ACTIVE
SAT08615,40.801313,-100.952503,10247.42,ACTIVE
SAT08616,50.451381,-77.199763,30517.72,MAINTENANCE
SAT08617,43.225013,43.546447,8776.93,ACTIVE
SAT08618,-40.147369,135.624928,10214.67,MAINTENANCE
SAT08619,-55.295568,145.654476,3677.76,MAINTENANCE
SAT08620,-55.110331,-95.385778,3765.61,INACTIVE
SAT08621,71.051795,-97.600355,8457.69,MAINTENANCE
SAT08622,-18.476638,-65.588122,5729.87,ACTIVE
SAT08623,-11.765083,-102.074152,34878.78,ACTIVE
SAT08624,13.27931,127.775576,6770.22,INACTIVE
SAT08625,20.896391,-112.709924,22480.19,MAINTENANCE
SAT08626,-18.014,-109.94818,34377.07,INACTIVE
SAT08627,9.649899,47.987879,22377.69,INACTIVE
SAT08628,86.568682,-17.01239,2011.99,ACTIVE
SAT08629,-40.596874,6.731641,6605.95,ACTIVE
SAT08630,-36.54576,-119.923391,13144.86,INACTIVE
SAT08631,75.541562,38.913424,28027.2,ACTIVE
SAT08632,9.744701,-68.177182,18630.68,ACTIVE
SAT08633,44.589936,61.985285,25924.01,ACTIVE
SAT08634,-20.917408,125.860395,30195.3,INACTIVE
SAT08635,52.934825,-40.924898,4607.36,MAINTENANCE
SAT08636,79.496159,-83.216018,25919.31,INACTIVE
SAT08637,-83.340695,-45.320778,13786.9,INACTIVE
SAT08638,50.597319,45.834859,14264.54,ACTIVE
SAT08639,63.905399,93.834645,1147.54,MAINTENANCE
SAT08640,86.474415,-54.927587,18202.25,INACTIVE
SAT08641,-19.001972,-124.546621,25460.9,ACTIVE
SAT08642,57.080433,35.053464,5323.08,INACTIVE
SAT08643,30.32198,-27.991727,16552.77,ACTIVE
SAT08644,-38.482758,-137.214095,354.76,MAINTENANCE
SAT08645,87.274095,89.771779,29736.35,ACTIVE
SAT08646,19.409873,176.31789,22988.27,MAINTENANCE
SAT08647,14.244567,-47.013452,3851.76,MAINTENANCE
SAT08648,-30.976124,-102.3305,27362.56,INACTIVE
SAT08649,-62.44406,106.630607,2314.12,MAINTENANCE
SAT08650,56.942832,-1.872,5078.9,ACTIVE
SAT08651,89.948064,-16.836119,26078.52,MAINTENANCE
SAT08652,-53.775962,-154.718612,23629.36,ACTIVE
SAT08653,-0.173933,-141.828383,35447.82,INACTIVE
SAT08654,-24.886574,-44.135883,11135.24,MAINTENANCE
SAT08655,13.311546,121.382628,31102.81,ACTIVE
SAT08656,8.950009,134.126321,3050.72,INACTIVE
SAT08657,20.5538,-60.980466,11839.36,INACTIVE
SAT08658,-2.872301,170.072543,26535.99,MAINTENANCE
SAT08659,72.658397,-92.255221,9778.04,ACTIVE
SAT08660,37.686136,96.318757,26341.46,INACTIVE
SAT08661,64.282479,-147.293074,33783.7,ACTIVE
SAT08662,-58.656064,-106.037705,31310.48,INACTIVE
SAT08663,47.764531,21.719747,8558.83,MAINTENANCE
SAT08664,-45.06937,-109.200225,12158.86,MAINTENANCE
SAT08665,49.006547,-64.866551,25801.53,ACTIVE
SAT08666,4.689819,6.680929,23133.27,INACTIVE
SAT08667,71.466977,-122.048505,28769.95,MAINTENANCE
SAT08668,4.433054,32.857009,22728.44,ACTIVE
SAT08669,-59.578742,-129.220543,11603.51,INACTIVE
SAT08670,-38.235893,-26.515709,32092.34,MAINTENANCE
SAT08671,11.102711,131.738358,9915.94,MAINTENANCE
SAT08672,4.98681,102.912329,10998.57,MAINTENANCE
SAT08673,47.052041,50.780464,24410.68,ACTIVE
SAT08674,43.495118,-81.200489,1193.77,ACTIVE
SAT08675,-56.049314,-30.39254,11032.34,INACTIVE
SAT08676,-83.285117,-168.665005,330.19,ACTIVE
SAT08677,-2.669881,-100.408815,2117.52,INACTIVE
SAT08678,-74.600629,176.146842,5893.07,ACTIVE
SAT08679,61.72756,164.091323,8930.82,ACTIVE
SAT08680,87.338409,-80.940034,33092.46,MAINTENANCE
SAT08681,63.78244,-47.200252,31308.64,INACTIVE
SAT08682,81.389622,-131.750464,26327.14,ACTIVE
SAT08683,-62.004816,-76.352214,7965.85,INACTIVE
SAT08684,64.097231,167.663835,31413.1,INACTIVE
SAT08685,-71.238694,48.038227,9720.29,ACTIVE
SAT08686,71.683673,109.662913,4450.86,INACTIVE
SAT08687,65.193531,98.778737,8452.81,ACTIVE
SAT08688,75.463494,-171.241944,35844.65,INACTIVE
SAT08689,-13.349981,-53.271408,4470.8,MAINTENANCE
SAT08690,-88.685486,-135.077635,4716.82,INACTIVE
SAT08691,15.925539,6.393274,8115.95,INACTIVE
SAT08692,14.57185,-75.320913,4214.96,ACTIVE
SAT08693,36.377046,-140.793841,15083.39,MAINTENANCE
SAT08694,-11.690362,-161.963136,34714.36,MAINTENANCE
SAT08695,-31.951401,-80.349673,7356.43,ACTIVE
SAT08696,89.441694,69.444739,7770.88,ACTIVE
SAT08697,37.207897,97.354182,10188.13,ACTIVE
SAT08698,73.217842,67.182401,5296.1,INACTIVE
SAT08699,0.494425,153.582436,14020.9,ACTIVE
SAT08700,-30.245192,61.799932,7570.68,ACTIVE
SAT08701,-45.04915,173.716392,20662.39,INACTIVE
SAT08702,5.126908,99.370388,6011.45,INACTIVE
SAT08703,-77.425615,117.617031,3368.05,MAINTENANCE
SAT08704,-61.940308,30.983589,15246.07,MAINTENANCE
SAT08705,1.127872,-115.761898,25855.76,ACTIVE
SAT08706,88.128204,49.566647,28361.45,INACTIVE
SAT08707,-81.59808,-87.296041,14535.96,MAINTENANCE
SAT08708,-11.509845,102.720077,8896.38,ACTIVE
SAT08709,65.01208,89.750796,34008.52,MAINTENANCE
SAT08710,16.191348,28.349132,5102.51,ACTIVE
SAT08711,67.699475,100.665865,9287.51,ACTIVE
SAT08712,-21.637749,114.201057,771.97,INACTIVE
SAT08713,-56.90628,-73.053029,7207.43,MAINTENANCE
SAT08714,-42.32836,135.304892,33243.61,ACTIVE
SAT08715,59.230907,91.755837,26349.39,INACTIVE
SAT08716,69.73184,11.530902,24102.74,INACTIVE
SAT08717,-24.489154,-100.303476,21425.72,INACTIVE
SAT08718,42.372778,-179.947319,34314.11,INACTIVE
SAT08719,-37.560732,-118.950498,11136.71,MAINTENANCE
SAT08720,-63.532296,34.16098,30146.28,MAINTENANCE
SAT08721,88.441095,-118.281488,21407.38,ACTIVE
SAT08722,81.280337,-144.423664,9557.22,MAINTENANCE
SAT08723,-62.497164,-106.023638,22336.3,INACTIVE
SAT08724,63.214449,-89.539019,14810.87,ACTIVE
SAT08725,13.355245,79.129665,8246.72,ACTIVE
SAT08726,8.537266,-142.690873,4859.46,MAINTENANCE
SAT08727,45.572217,171.381832,28209.65,MAINTENANCE
SAT08728,-85.644132,78.105853,18190.5,ACTIVE
SAT08729,-66.138448,-34.548203,15009.16,MAINTENANCE
SAT08730,39.252427,174.637863,35624.98,MAINTENANCE
SAT08731,-57.507265,8.54415,9922.39,ACTIVE
SAT08732,-38.427146,29.306745,18454.19,ACTIVE
SAT08733,-77.930936,2.338237,18746.13,MAINTENANCE
SAT08734,-86.931466,-94.389506,23782.08,ACTIVE
SAT08735,87.39253,-56.988404,13638.99,INACTIVE
SAT08736,-11.750581,-153.488374,22252.03,MAINTENANCE
SAT08737,59.462796,5.100407,22347.85,ACTIVE
SAT08738,12.058812,-162.870351,24994.54,INACTIVE
SAT08739,-42.896138,-146.498297,24757.61,MAINTENANCE
SAT08740,21.514269,-53.114734,6400.66,MAINTENANCE
SAT08741,78.66961,-22.490719,1576.07,MAINTENANCE
SAT08742,3.418556,148.103384,33364.11,MAINTENANCE
SAT08743,61.224145,154.470161,13345.14,ACTIVE
SAT08744,41.881024,-121.644729,5133.13,MAINTENANCE
SAT08745,21.985461,137.010561,7088.32,INACTIVE
SAT08746,-60.873463,-126.454643,4275.02,ACTIVE
SAT08747,-32.969857,108.283778,4269.54,MAINTENANCE
SAT08748,17.707374,57.507538,30552.37,ACTIVE
SAT08749,-8.282526,-8.327714,2071.62,INACTIVE
SAT08750,-66.005293,-166.864009,32246.72,ACTIVE
SAT08751,-59.201239,-104.534333,17715.29,INACTIVE
SAT08752,10.019511,-136.988868,9826.11,INACTIVE
SAT08753,31.8959,115.155929,31188.93,MAINTENANCE
SAT08754,-55.852755,-130.293655,27119.3,INACTIVE
SAT08755,-83.38435,100.964539,20468.55,ACTIVE
SAT08756,36.534674,-159.099266,34086.58,INACTIVE
SAT08757,29.545511,-138.720896,6721.55,ACTIVE
SAT08758,11.746751,103.128529,7777.44,ACTIVE
SAT08759,53.637547,60.78794,21726.02,ACTIVE
SAT08760,-84.287522,125.634272,29947.06,INACTIVE
SAT08761,-60.339266,73.712171,13856.01,MAINTENANCE
SAT08762,-58.504902,22.850262,21401.56,INACTIVE
SAT08763,38.881687,28.809155,2507.87,ACTIVE
SAT08764,-50.488419,-9.500896,27470.73,ACTIVE
SAT08765,-7.954291,-17.579766,29090.67,ACTIVE
SAT08766,-85.771745,143.644385,11992.87,ACTIVE
SAT08767,44.830127,106.151589,7981.93,INACTIVE
SAT08768,30.013697,-84.891795,3448.43,INACTIVE
SAT08769,-69.253122,138.412584,11839.17,ACTIVE
SAT08770,-28.819891,132.236701,30781.26,INACTIVE
SAT08771,-53.109716,2.441086,23993.17,INACTIVE
SAT08772,-10.184456,-122.93499,17159.61,ACTIVE
SAT08773,-84.384112,-10.270524,11216.12,MAINTENANCE
SAT08774,-8.684021,112.074287,14599.75,MAINTENANCE
SAT08775,67.37392,115.068543,17217.68,INACTIVE
SAT08776,-39.410906,28.130977,1159.95,ACTIVE
SAT08777,-22.344013,77.1881,34689.32,MAINTENANCE
SAT08778,-7.328313,34.969533,18532.83,MAINTENANCE
SAT08779,-88.915199,90.05105,8825.92,ACTIVE
SAT08780,-47.081879,-132.828089,30449.08,MAINTENANCE
SAT08781,68.2614,42.970808,16262.1,INACTIVE
SAT08782,13.877491,44.107957,16635.3,MAINTENANCE
SAT08783,20.499252,131.836978,26826.21,INACTIVE
SAT08784,15.757865,-3.42738,9127.33,ACTIVE
SAT08785,-83.695604,-25.494918,13814.74,ACTIVE
SAT08786,55.692262,152.958682,10546.94,ACTIVE
SAT08787,38.300937,-147.911968,9336.39,INACTIVE
SAT08788,-40.065946,12.459051,33135.22,MAINTENANCE
SAT08789,-71.858737,-104.355616,24065.4,ACTIVE
SAT08790,49.429878,15.835996,21959.91,ACTIVE
SAT08791,-79.923166,-135.501307,20526.43,MAINTENANCE
SAT08792,85.115429,-55.22066,32687.99,INACTIVE
SAT08793,-59.511705,108.996008,1444.71,ACTIVE
SAT08794,-66.162841,-23.949849,29684.3,INACTIVE
SAT08795,-13.898404,-11.662924,5077.08,MAINTENANCE
SAT08796,7.418609,129.489369,27126.23,ACTIVE
SAT08797,-87.525507,172.418929,26029.84,MAINTENANCE
SAT08798,18.527796,146.078671,33289.98,ACTIVE
SAT08799,-50.408883,-156.277633,27658.17,MAINTENANCE
SAT08800,-28.783921,37.925966,3769.3,MAINTENANCE
SAT08801,16.955885,45.428837,23204.79,MAINTENANCE
SAT08802,-27.934674,-101.859134,21193.25,MAINTENANCE
SAT08803,85.906725,-21.994065,7198.72,ACTIVE
SAT08804,37.697184,-86.642676,27483.71,MAINTENANCE
SAT08805,49.180786,-73.373963,13868.57,MAINTENANCE
SAT08806,48.554456,-153.814522,26112.24,ACTIVE
SAT08807,37.01256,-153.089579,34929.42,MAINTENANCE
SAT08808,-80.662819,-19.280444,19233.09,MAINTENANCE
SAT08809,47.139204,-102.296893,7492.9,ACTIVE
SAT08810,-58.949538,-150.61866,14405.99,ACTIVE
SAT08811,69.815541,-26.762062,25020.69,MAINTENANCE
SAT08812,64.828524,15.348026,11457.54,MAINTENANCE
SAT08813,84.626307,-65.835855,33961.26,INACTIVE
SAT08814,-76.207257,-78.092974,35668.95,ACTIVE
SAT08815,28.244277,90.760807,21248.8,INACTIVE
SAT08816,-13.518524,90.369901,6521.01,INACTIVE
SAT08817,72.721362,-154.519507,7814.89,ACTIVE
SAT08818,68.453933,135.275418,32516.63,ACTIVE
SAT08819,-41.431689,119.967037,28577.9,INACTIVE
SAT08820,33.98931,35.475572,24490.01,ACTIVE
SAT08821,36.547669,-103.004501,2482.13,ACTIVE
SAT08822,22.226834,-29.278016,14817.28,ACTIVE
SAT08823,41.28853,166.123387,14046.0,MAINTENANCE
SAT08824,-70.437598,-177.145195,6061.37,MAINTENANCE
SAT08825,67.880404,-142.593131,16968.64,INACTIVE
SAT08826,64.227279,-19.183241,31511.15,MAINTENANCE
SAT08827,62.086312,112.784948,25038.7,MAINTENANCE
SAT08828,72.609345,-104.63404,26435.97,MAINTENANCE
SAT08829,25.660292,166.146486,8147.37,MAINTENANCE
SAT08830,44.034139,-157.179199,9514.69,INACTIVE
SAT08831,58.329087,71.488521,29902.69,MAINTENANCE
SAT08832,-27.06533,49.52239,18988.43,ACTIVE
SAT08833,89.642429,8.236263,29825.86,MAINTENANCE
SAT08834,21.002073,146.972774,27200.19,MAINTENANCE
SAT08835,-36.820757,-66.428076,2220.67,INACTIVE
SAT08836,-20.29808,149.526336,2882.89,ACTIVE
SAT08837,41.525533,127.664161,24089.02,INACTIVE
SAT08838,44.530531,35.912756,23890.65,MAINTENANCE
SAT08839,-40.657939,162.187279,6527.03,MAINTENANCE
SAT08840,69.966723,158.704494,20791.56,ACTIVE
SAT08841,-44.119384,-104.805986,30895.82,MAINTENANCE
SAT08842,-89.985107,161.916077,4502.44,MAINTENANCE
SAT08843,38.973357,157.828699,31924.27,MAINTENANCE
SAT08844,14.577666,-86.315831,28823.82,MAINTENANCE
SAT08845,-24.602115,-58.204594,4317.24,MAINTENANCE
SAT08846,-50.605566,149.522991,33978.97,INACTIVE
SAT08847,-30.701851,-45.381808,34432.38,ACTIVE
SAT08848,-14.592024,133.236241,10794.8,INACTIVE
SAT08849,14.347839,17.88489,21760.57,MAINTENANCE
SAT08850,22.950747,-30.581293,19481.54,ACTIVE
SAT08851,36.573479,-29.166639,15218.6,INACTIVE
SAT08852,58.014269,-46.499349,7415.55,INACTIVE
SAT08853,17.282835,107.200153,8928.58,ACTIVE
SAT08854,-76.96897,56.521019,1639.8,ACTIVE
SAT08855,54.736864,-9.664585,10934.34,ACTIVE
SAT08856,-53.428533,170.732837,24431.32,MAINTENANCE
SAT08857,-56.186536,-14.603299,7137.65,INACTIVE
SAT08858,-68.351799,-126.320732,33059.83,INACTIVE
SAT08859,-53.37406,168.476266,32865.62,INACTIVE
SAT08860,27.749415,58.699853,24725.38,INACTIVE
SAT08861,-43.813735,-83.084987,16714.4,MAINTENANCE
SAT08862,-16.612087,114.312315,19772.6,ACTIVE
SAT08863,23.055836,168.723087,16709.63,ACTIVE
SAT08864,-77.059752,-67.986708,13637.17,ACTIVE
SAT08865,19.259577,-168.210689,21598.24,MAINTENANCE
SAT08866,-59.593289,104.333652,9255.16,INACTIVE
SAT08867,-49.099803,175.57124,32755.87,INACTIVE
SAT08868,3.242253,114.769409,22266.76,MAINTENANCE
SAT08869,-25.596884,137.291136,26690.3,INACTIVE
SAT08870,-59.575882,164.171945,35524.79,MAINTENANCE
SAT08871,-56.583574,-172.202445,29196.99,INACTIVE
SAT08872,-53.439805,-135.006308,9258.81,INACTIVE
SAT08873,-27.01001,-113.732715,16090.0,INACTIVE
SAT08874,-76.545652,134.398568,29481.96,INACTIVE
SAT08875,25.358086,-72.061578,11251.6,INACTIVE
SAT08876,81.568016,-68.506672,1167.98,INACTIVE
SAT08877,-41.942178,-156.069816,28822.2,INACTIVE
SAT08878,11.223817,63.478598,33111.95,INACTIVE
SAT08879,-65.819093,-108.546314,11170.54,MAINTENANCE
SAT08880,-36.08855,71.605503,18719.13,ACTIVE
SAT08881,32.981398,119.067486,28631.98,MAINTENANCE
SAT08882,45.941022,136.510468,5156.97,MAINTENANCE
SAT08883,66.60884,98.833922,34648.81,MAINTENANCE
SAT08884,27.519473,119.381118,3965.11,INACTIVE
SAT08885,-66.064559,64.217583,4759.56,ACTIVE
SAT08886,-48.561304,-61.224028,11199.6,MAINTENANCE
SAT08887,73.858096,167.258023,3647.12,INACTIVE
SAT08888,-2.410271,-99.15034,6233.44,INACTIVE
SAT08889,80.03652,172.754639,9603.52,MAINTENANCE
SAT08890,73.629975,-28.586073,20909.99,INACTIVE
SAT08891,-21.991544,46.936464,1165.77,ACTIVE
SAT08892,-19.813348,-165.243579,13363.08,INACTIVE
SAT08893,-62.365671,-141.812933,35883.35,ACTIVE
SAT08894,-42.379321,-121.198612,29571.71,ACTIVE
SAT08895,87.730588,-74.615455,5268.23,ACTIVE
SAT08896,16.758978,-3.589621,10482.97,ACTIVE
SAT08897,-68.843342,55.151398,29335.02,MAINTENANCE
SAT08898,-88.53051,-163.742587,34998.22,MAINTENANCE
SAT08899,18.619666,66.27871,311.32,INACTIVE
SAT08900,44.694721,103.486992,34546.31,MAINTENANCE
SAT08901,88.86028,-5.983202,24273.46,MAINTENANCE
SAT08902,8.547225,-15.54978,10522.25,ACTIVE
SAT08903,-72.552009,112.340898,30104.48,MAINTENANCE
SAT08904,-4.813136,-75.869192,19789.65,ACTIVE
SAT08905,38.263342,6.066331,16660.66,MAINTENANCE
SAT08906,49.785422,-41.978588,23182.09,ACTIVE
SAT08907,53.864946,5.862596,25039.97,INACTIVE
SAT08908,-4.704497,151.503869,3473.64,INACTIVE
SAT08909,-1.860023,59.718785,13522.96,INACTIVE
SAT08910,-67.129334,173.70982,18278.85,INACTIVE
SAT08911,-75.030632,-152.917295,25046.63,MAINTENANCE
SAT08912,-42.540312,-87.164403,4880.42,INACTIVE
SAT08913,-25.220079,-126.405646,12427.7,INACTIVE
SAT08914,-46.117752,-78.47116,29088.82,INACTIVE
SAT08915,74.743219,10.781279,35897.08,MAINTENANCE
SAT08916,20.21451,125.086628,320.45,MAINTENANCE
SAT08917,-59.845895,-78.854793,16336.29,ACTIVE
SAT08918,-50.067594,11.056661,8544.43,MAINTENANCE
SAT08919,15.250563,158.806979,27793.49,ACTIVE
SAT08920,38.243453,55.072041,21729.79,ACTIVE
SAT08921,19.890979,39.440979,10523.89,ACTIVE
SAT08922,-53.986289,10.664431,25469.8,INACTIVE
SAT08923,5.097109,12.975766,14445.14,ACTIVE
SAT08924,-44.790665,-11.387339,5727.61,ACTIVE
SAT08925,16.624813,34.648988,9729.69,INACTIVE
SAT08926,55.356726,-8.933562,31929.6,INACTIVE
SAT08927,51.85794,108.773024,31630.65,INACTIVE
SAT08928,43.224594,-45.237082,35820.27,INACTIVE
SAT08929,44.536908,-121.549217,11876.62,MAINTENANCE
SAT08930,-10.484741,159.715803,22319.8,ACTIVE
SAT08931,-46.623402,116.201245,17468.43,ACTIVE
SAT08932,-62.268713,-64.438644,28690.06,ACTIVE
SAT08933,-84.391437,92.43732,2313.0,INACTIVE
SAT08934,-83.229592,64.043892,31875.66,MAINTENANCE
SAT08935,-18.266829,-126.448779,3635.25,MAINTENANCE
SAT08936,-68.324646,143.091376,18461.05,INACTIVE
SAT08937,31.530652,116.743605,10057.12,INACTIVE
SAT08938,-50.03118,79.038441,6038.48,ACTIVE
SAT08939,-6.196537,-171.39699,13296.65,ACTIVE
SAT08940,57.269282,-109.677996,25424.05,MAINTENANCE
SAT08941,85.676104,171.794381,29931.43,MAINTENANCE
SAT08942,60.94368,144.400849,26423.97,ACTIVE
SAT08943,-82.470803,35.888994,4633.82,ACTIVE
SAT08944,35.946568,123.45994,21052.47,INACTIVE
SAT08945,-17.451919,26.12712,24857.48,INACTIVE
SAT08946,-39.814376,-157.660749,1627.86,INACTIVE
SAT08947,-87.827605,-7.661611,22662.95,ACTIVE
SAT08948,-10.042481,125.147087,28048.35,ACTIVE
SAT08949,-38.607945,-154.440588,29274.79,MAINTENANCE
SAT08950,70.968424,18.87252,11332.25,ACTIVE
SAT08951,-14.549284,-122.550538,7462.8,ACTIVE
SAT08952,-47.012505,60.681108,28788.45,INACTIVE
SAT08953,-70.759753,-46.226214,21143.9,MAINTENANCE
SAT08954,-46.277951,-149.219357,34448.64,MAINTENANCE
SAT08955,33.620658,-11.305146,18793.94,ACTIVE
SAT08956,52.602305,-76.495976,6873.73,MAINTENANCE
SAT08957,18.290235,-48.453304,3267.31,ACTIVE
SAT08958,88.858825,123.050033,2411.97,INACTIVE
SAT08959,-28.123078,-34.295661,9209.01,INACTIVE
SAT08960,-87.192038,131.487028,24546.31,MAINTENANCE
SAT08961,-51.311791,100.084252,24652.96,INACTIVE
SAT08962,25.392996,20.635995,23793.72,ACTIVE
SAT08963,71.791984,-21.340202,28986.08,MAINTENANCE
SAT08964,84.620458,5.379179,33981.24,INACTIVE
SAT08965,-49.296583,55.511353,23861.01,ACTIVE
SAT08966,-24.058572,-45.847195,25382.68,ACTIVE
SAT08967,84.46421,148.46724,17524.67,INACTIVE
SAT08968,-36.225751,20.845542,18117.03,INACTIVE
SAT08969,-86.011118,56.301375,7867.57,MAINTENANCE
SAT08970,-40.372742,-58.648991,4265.77,INACTIVE
SAT08971,-42.868418,99.328508,17995.1,ACTIVE
SAT08972,-5.672179,22.655293,15023.58,MAINTENANCE
SAT08973,42.88717,-101.5367,15905.95,MAINTENANCE
SAT08974,3.538461,8.934204,22133.78,INACTIVE
SAT08975,45.064483,-49.541584,5514.76,MAINTENANCE
SAT08976,-27.816299,-28.262899,12985.86,MAINTENANCE
SAT08977,39.987413,-78.628589,10022.08,MAINTENANCE
SAT08978,23.386371,44.801775,20759.12,MAINTENANCE
SAT08979,-58.600159,166.578652,35639.0,MAINTENANCE
SAT08980,-45.284578,-124.27292,14274.89,MAINTENANCE
SAT08981,3.668681,28.746944,3963.82,MAINTENANCE
SAT08982,26.414875,44.55213,9423.56,INACTIVE
SAT08983,72.638591,136.01021,8951.94,MAINTENANCE
SAT08984,9.839142,-150.365566,12762.7,INACTIVE
SAT08985,-86.819895,-99.789743,15499.64,INACTIVE
SAT08986,56.790327,142.980608,19123.74,INACTIVE
SAT08987,57.558561,-87.194634,35632.95,ACTIVE
SAT08988,-86.789044,-150.067243,12330.96,MAINTENANCE
SAT08989,69.792341,-102.393698,35349.18,MAINTENANCE
SAT08990,-62.932427,27.497376,21690.23,ACTIVE
SAT08991,-8.280928,147.933925,898.92,ACTIVE
SAT08992,85.841817,-146.132614,33549.03,INACTIVE
SAT08993,-80.784119,-57.581973,18483.28,ACTIVE
SAT08994,-71.546712,-138.660009,4239.38,MAINTENANCE
SAT08995,-8.459454,-177.721868,11825.56,ACTIVE
SAT08996,80.970902,-178.924501,1768.78,INACTIVE
SAT08997,87.278523,155.782965,3131.67,ACTIVE
SAT08998,69.16134,158.53772,28863.35,INACTIVE
SAT08999,29.561909,-3.919335,7930.26,MAINTENANCE
SAT09000,48.444594,64.138727,33128.35,INACTIVE
SAT09001,-82.520243,-146.607017,12881.5,MAINTENANCE
SAT09002,-26.890769,134.634079,26156.45,MAINTENANCE
SAT09003,82.207457,-93.858619,19410.09,ACTIVE
SAT09004,20.912597,111.012813,27911.93,MAINTENANCE
SAT09005,31.651413,61.677062,13232.38,MAINTENANCE
SAT09006,13.096479,-35.85319,6763.04,ACTIVE
SAT09007,70.255519,25.274406,4717.96,INACTIVE
SAT09008,26.646402,98.453256,14044.42,ACTIVE
SAT09009,79.363729,-113.371773,26717.3,MAINTENANCE
SAT09010,62.480952,172.239234,17846.46,INACTIVE
SAT09011,-2.664582,-55.742493,25681.19,INACTIVE
SAT09012,-10.813223,-128.232587,22459.19,ACTIVE
SAT09013,-32.246561,-112.378404,21887.15,ACTIVE
SAT09014,-31.437703,-108.205006,24632.33,INACTIVE
SAT09015,86.358971,-174.55885,30086.14,MAINTENANCE
SAT09016,-89.440943,-116.896223,29198.6,MAINTENANCE
SAT09017,-78.142127,-18.672712,32875.31,ACTIVE
SAT09018,-74.740808,94.2664,7902.12,INACTIVE
SAT09019,-81.236399,83.309718,1685.05,ACTIVE
SAT09020,3.358108,79.972261,16489.13,MAINTENANCE
SAT09021,-9.67778,-22.180688,19659.29,MAINTENANCE
SAT09022,-86.046549,36.455174,4545.91,MAINTENANCE
SAT09023,-46.20334,-151.621481,11790.89,INACTIVE
SAT09024,73.872391,-40.711833,24711.68,INACTIVE
SAT09025,-11.985406,0.623109,2178.14,ACTIVE
SAT09026,-26.773268,62.351663,31101.95,INACTIVE
SAT09027,25.956829,162.947654,13973.96,ACTIVE
SAT09028,63.72817,13.551863,25319.11,INACTIVE
SAT09029,-52.865652,85.256684,2626.31,MAINTENANCE
SAT09030,-20.971011,106.537805,1131.96,ACTIVE
SAT09031,-49.408285,33.020522,35367.45,INACTIVE
SAT09032,18.41244,-17.376111,13225.12,INACTIVE
SAT09033,35.21048,-72.405201,24765.82,INACTIVE
SAT09034,62.709555,147.220858,31129.53,ACTIVE
SAT09035,-34.525374,-136.092652,26654.31,MAINTENANCE
SAT09036,-61.202919,144.779481,22703.54,MAINTENANCE
SAT09037,27.69768,63.17014,33310.06,ACTIVE
SAT09038,-80.118719,53.170471,20622.09,ACTIVE
SAT09039,-51.285957,51.632324,26794.18,MAINTENANCE
SAT09040,0.706414,-178.532772,17095.49,ACTIVE
SAT09041,15.951206,-111.315806,20033.75,MAINTENANCE
SAT09042,-18.519416,-91.31243,25313.65,INACTIVE
SAT09043,-30.252917,-162.751817,6770.54,ACTIVE
SAT09044,79.729612,-18.677604,11104.44,MAINTENANCE
SAT09045,81.04056,87.959513,3966.07,INACTIVE
SAT09046,55.510782,-107.220411,16953.83,MAINTENANCE
SAT09047,-72.419738,-63.344179,13788.16,ACTIVE
SAT09048,13.215478,-160.726654,1493.71,MAINTENANCE
SAT09049,-62.747868,-58.10934,26932.13,INACTIVE
SAT09050,63.866242,95.204805,35029.3,ACTIVE
SAT09051,-71.201983,95.453159,35321.92,ACTIVE
SAT09052,7.702125,-157.245691,23129.56,MAINTENANCE
SAT09053,72.533293,-119.271512,16942.72,MAINTENANCE
SAT09054,51.584676,23.655282,35726.26,MAINTENANCE
SAT09055,-70.289703,-93.152823,26522.36,INACTIVE
SAT09056,58.75875,-55.061136,5265.75,MAINTENANCE
SAT09057,17.028647,129.619221,23921.41,INACTIVE
SAT09058,29.692169,134.979826,8577.43,INACTIVE
SAT09059,-72.465256,95.963472,20330.44,ACTIVE
SAT09060,36.514157,2.316798,30791.42,INACTIVE
SAT09061,70.350597,106.163538,15394.14,ACTIVE
SAT09062,-30.159891,-55.214096,14570.07,ACTIVE
SAT09063,22.979204,126.12903,12964.0,ACTIVE
SAT09064,45.065272,54.006249,23570.48,ACTIVE
SAT09065,-45.453276,159.528288,29024.46,INACTIVE
SAT09066,-86.75524,124.336621,28147.97,MAINTENANCE
SAT09067,81.348802,-119.554783,19420.79,INACTIVE
SAT09068,-68.179734,101.835617,11799.38,INACTIVE
SAT09069,-33.874646,23.887871,16724.67,ACTIVE
SAT09070,-17.050111,-166.00985,33538.24,INACTIVE
SAT09071,19.103952,-87.837598,27121.24,INACTIVE
SAT09072,32.086986,-77.962096,31350.66,INACTIVE
SAT09073,38.812359,-39.160963,10719.31,INACTIVE
SAT09074,-53.412914,-128.219626,12218.39,ACTIVE
SAT09075,58.747927,-58.053367,6048.19,ACTIVE
SAT09076,-74.163078,64.862788,35976.13,MAINTENANCE
SAT09077,-9.496578,122.82756,8547.25,INACTIVE
SAT09078,59.909702,-162.86188,28608.39,INACTIVE
SAT09079,-35.283562,59.547949,27481.18,ACTIVE
SAT09080,74.547411,-119.37651,27408.31,MAINTENANCE
SAT09081,-78.130569,-53.410785,28815.76,ACTIVE
SAT09082,20.052388,170.095334,11551.65,INACTIVE
SAT09083,-19.947727,-38.061299,15157.39,MAINTENANCE
SAT09084,71.553218,63.02278,6778.51,ACTIVE
SAT09085,74.492298,20.646971,20320.85,MAINTENANCE
SAT09086,-32.06266,-5.152388,35769.12,INACTIVE
SAT09087,-75.09532,-40.777634,17264.69,INACTIVE
SAT09088,66.934506,-150.983937,7741.03,MAINTENANCE
SAT09089,21.68865,1.467215,21846.14,MAINTENANCE
SAT09090,37.429281,-22.422837,24394.29,MAINTENANCE
SAT09091,69.598716,102.784937,32946.19,INACTIVE
SAT09092,46.77196,98.694244,31947.43,MAINTENANCE
SAT09093,-65.050129,-132.464304,11684.55,MAINTENANCE
SAT09094,-67.783202,123.74314,9638.35,ACTIVE
SAT09095,-14.349513,26.260269,28503.91,MAINTENANCE
SAT09096,-73.116405,-150.987403,26268.27,INACTIVE
SAT09097,-63.39346,159.754272,16611.09,ACTIVE
SAT09098,74.399927,-101.548777,31078.83,INACTIVE
SAT09099,-66.402513,-28.856627,8383.19,ACTIVE
SAT09100,-78.698063,44.769613,24177.26,MAINTENANCE
SAT09101,-20.97827,74.01311,12706.81,MAINTENANCE
SAT09102,73.481578,-125.91386,25869.15,ACTIVE
SAT09103,-3.971002,-34.256491,29477.12,ACTIVE
SAT09104,-79.788802,-114.469079,470.04,INACTIVE
SAT09105,-5.643373,81.03283,12485.4,ACTIVE
SAT09106,-21.712719,30.931475,25235.88,ACTIVE
SAT09107,88.496328,147.924344,15669.17,MAINTENANCE
SAT09108,85.900727,-32.543219,4205.78,INACTIVE
SAT09109,75.133697,37.717287,31541.69,ACTIVE
SAT09110,53.187066,-116.278404,1225.28,INACTIVE
SAT09111,82.7676,43.499703,18406.48,ACTIVE
SAT09112,30.482521,71.308869,33743.63,MAINTENANCE
SAT09113,17.291397,14.448431,35693.35,INACTIVE
SAT09114,57.804184,34.503455,23318.46,INACTIVE
SAT09115,86.365578,-66.639731,14745.67,INACTIVE
SAT09116,-22.718745,7.121403,19255.5,INACTIVE
SAT09117,-0.933313,-169.901654,27583.6,ACTIVE
SAT09118,-6.177569,-105.848451,34922.57,INACTIVE
SAT09119,-84.192007,-162.91676,3112.32,INACTIVE
SAT09120,34.084907,-43.160884,23499.24,MAINTENANCE
SAT09121,11.345621,5.693899,24808.05,INACTIVE
SAT09122,71.374772,-112.375171,4755.41,ACTIVE
SAT09123,-87.83879,-56.135024,2983.64,INACTIVE
SAT09124,-14.442749,-53.40754,22409.12,MAINTENANCE
SAT09125,-85.244756,77.466712,35950.22,MAINTENANCE
SAT09126,70.705787,-131.926453,16845.42,ACTIVE
SAT09127,-17.304714,-114.175616,30412.53,ACTIVE
SAT09128,52.989609,-26.503003,24078.03,MAINTENANCE
SAT09129,62.048483,99.416087,4653.26,MAINTENANCE
SAT09130,-73.063893,-115.963391,1699.25,INACTIVE
SAT09131,26.895178,98.885375,14583.03,ACTIVE
SAT09132,-63.375138,-67.431329,28047.5,ACTIVE
SAT09133,-77.862982,-138.48951,27614.5,MAINTENANCE
SAT09134,89.713996,52.14597,31970.67,MAINTENANCE
SAT09135,-36.135479,14.366638,3152.96,MAINTENANCE
SAT09136,-47.1689,68.087845,5302.97,MAINTENANCE
SAT09137,83.103916,111.560901,3990.67,INACTIVE
SAT09138,63.401881,-85.710478,3625.86,MAINTENANCE
SAT09139,70.54524,-130.29581,1920.59,ACTIVE
SAT09140,74.25122,-152.937377,13230.91,INACTIVE
SAT09141,-17.054101,121.394768,12812.53,MAINTENANCE
SAT09142,-88.652912,92.022845,11113.51,INACTIVE
SAT09143,64.261605,162.333638,4261.96,MAINTENANCE
SAT09144,-16.277193,-149.33312,11338.92,MAINTENANCE
SAT09145,-88.943209,-100.012803,13782.79,INACTIVE
SAT09146,50.250078,-45.371643,27298.52,INACTIVE
SAT09147,52.24442,19.84003,23685.75,ACTIVE
SAT09148,14.291121,106.256192,442.06,MAINTENANCE
SAT09149,43.51004,22.455248,4012.08,ACTIVE
SAT09150,-23.41192,18.506346,9837.1,MAINTENANCE
SAT09151,32.661059,-26.022552,12008.32,ACTIVE
SAT09152,0.020175,-6.912824,6395.04,INACTIVE
SAT09153,17.817144,138.321838,15891.34,INACTIVE
SAT09154,23.38291,-121.226637,6746.14,ACTIVE
SAT09155,54.28363,-110.776108,32780.14,INACTIVE
SAT09156,-38.833252,28.571587,31830.61,INACTIVE
SAT09157,-2.550576,-5.520738,6908.62,INACTIVE
SAT09158,63.932298,-91.039181,26714.85,INACTIVE
SAT09159,55.749592,-68.486908,12213.76,MAINTENANCE
SAT09160,-10.432707,-138.137396,28512.74,ACTIVE
SAT09161,69.391902,47.831777,26091.85,INACTIVE
SAT09162,-21.376349,-154.92556,32756.66,MAINTENANCE
SAT09163,12.429496,-113.362881,5514.79,INACTIVE
SAT09164,-41.56226,136.185191,18015.38,MAINTENANCE
SAT09165,37.106045,74.265078,8153.5,INACTIVE
SAT09166,8.957887,70.972077,15197.99,MAINTENANCE
SAT09167,17.758772,145.447857,13494.76,ACTIVE
SAT09168,-52.792727,97.199784,33855.69,ACTIVE
SAT09169,-59.090321,-21.024556,16630.59,ACTIVE
SAT09170,14.468977,-2.591787,34423.71,ACTIVE
SAT09171,-31.355795,-121.828337,27524.79,INACTIVE
SAT09172,21.52553,-168.164361,13784.49,MAINTENANCE
SAT09173,76.056949,123.937169,20043.6,ACTIVE
SAT09174,-26.067036,-6.359413,6404.81,ACTIVE
SAT09175,7.751586,125.164505,19273.62,ACTIVE
SAT09176,-13.302307,-165.895779,30371.91,ACTIVE
SAT09177,8.804211,-156.506822,23402.68,INACTIVE
SAT09178,-5.550626,110.435749,26284.94,INACTIVE
SAT09179,2.037897,133.793093,1011.87,MAINTENANCE
SAT09180,-1.400205,-104.560409,12326.95,INACTIVE
SAT09181,76.493952,-19.767213,3745.63,INACTIVE
SAT09182,39.268656,120.952245,13766.07,INACTIVE
SAT09183,-49.025543,-162.672229,9277.72,ACTIVE
SAT09184,42.91277,-99.32703,34750.23,ACTIVE
SAT09185,-60.330483,38.643863,9594.72,ACTIVE
SAT09186,-70.159178,2.796398,14937.34,ACTIVE
SAT09187,85.050468,46.237979,6620.59,INACTIVE
SAT09188,7.259317,140.136667,16663.48,ACTIVE
SAT09189,25.07349,-8.997026,30850.79,ACTIVE
SAT09190,20.537047,103.716222,8895.29,ACTIVE
SAT09191,-50.477413,-36.390096,3395.08,ACTIVE
SAT09192,62.528111,20.998595,10255.25,INACTIVE
SAT09193,62.938669,-89.844121,6724.4,INACTIVE
SAT09194,-28.985574,83.220902,10121.47,INACTIVE
SAT09195,-20.545364,23.423456,6403.96,ACTIVE
SAT09196,72.559065,169.874481,18852.27,MAINTENANCE
SAT09197,4.817318,-2.952765,31184.2,ACTIVE
SAT09198,39.866861,-130.063944,3738.8,INACTIVE
SAT09199,36.631886,-61.503032,12961.63,INACTIVE
SAT09200,87.789165,165.718738,18525.37,INACTIVE
SAT09201,57.073134,67.251438,5986.84,INACTIVE
SAT09202,39.710107,-111.818272,30242.59,MAINTENANCE
SAT09203,-66.283822,-15.380438,32839.8,ACTIVE
SAT09204,-10.090049,55.009482,22003.43,INACTIVE
SAT09205,29.629879,-44.874775,17849.28,INACTIVE
SAT09206,53.368006,-138.224982,31688.33,ACTIVE
SAT09207,15.416739,16.310309,16819.49,INACTIVE
SAT09208,-23.748268,126.384078,5899.88,MAINTENANCE
SAT09209,28.401833,-13.475309,8467.34,INACTIVE
SAT09210,27.460667,162.552491,8273.33,INACTIVE
SAT09211,58.029422,72.355961,27073.03,INACTIVE
SAT09212,-75.41791,174.588221,5556.03,INACTIVE
SAT09213,-38.876882,-78.391175,35660.09,INACTIVE
SAT09214,53.30558,1.087452,7867.21,INACTIVE
SAT09215,-67.830945,20.258227,10395.1,INACTIVE
SAT09216,22.643076,-0.647612,16284.7,ACTIVE
SAT09217,40.371733,-18.992163,1052.15,MAINTENANCE
SAT09218,-21.128369,-111.046311,9387.53,ACTIVE
SAT09219,17.952436,62.707257,13486.46,MAINTENANCE
SAT09220,40.836648,157.489487,31490.99,MAINTENANCE
SAT09221,-36.095125,-128.318121,9840.66,MAINTENANCE
SAT09222,75.140092,-174.948299,29411.0,MAINTENANCE
SAT09223,21.929098,-90.921255,4730.97,ACTIVE
SAT09224,-83.996693,125.949315,19872.18,INACTIVE
SAT09225,55.192322,-101.640668,5335.5,MAINTENANCE
SAT09226,-31.918204,-81.109859,25451.9,ACTIVE
SAT09227,58.646059,125.085628,14131.46,MAINTENANCE
SAT09228,59.921474,151.594205,26203.02,INACTIVE
SAT09229,-53.307416,6.481177,7928.48,MAINTENANCE
SAT09230,41.801892,141.932389,11421.55,ACTIVE
SAT09231,48.347945,5.392716,24728.84,ACTIVE
SAT09232,25.950132,53.181908,19901.83,MAINTENANCE
SAT09233,-45.840816,-82.596836,879.38,ACTIVE
SAT09234,-1.148702,-80.357746,33240.86,ACTIVE
SAT09235,-3.153238,-165.525978,25072.9,MAINTENANCE
SAT09236,-15.217147,-94.667532,31432.43,MAINTENANCE
SAT09237,-12.145993,-31.817726,11126.11,INACTIVE
SAT09238,10.060602,-122.07686,23170.58,INACTIVE
SAT09239,-2.2622,112.696172,7325.86,INACTIVE
SAT09240,67.487358,1.673368,5214.37,INACTIVE
SAT09241,-4.420883,-110.795111,27668.57,ACTIVE
SAT09242,-82.421483,36.252044,26762.99,MAINTENANCE
SAT09243,-46.698312,101.013651,4572.18,INACTIVE
SAT09244,58.414074,-21.348729,33176.54,MAINTENANCE
SAT09245,2.396472,-79.220307,31084.96,INACTIVE
SAT09246,54.688829,-161.604436,12065.98,INACTIVE
SAT09247,26.201018,174.74063,4633.92,INACTIVE
SAT09248,-75.206144,105.914895,8125.38,INACTIVE
SAT09249,55.259169,-0.19067,18781.27,INACTIVE
SAT09250,-69.173152,-4.731708,18896.97,INACTIVE
SAT09251,57.72065,-136.513914,35366.9,ACTIVE
SAT09252,85.924284,40.910044,5345.38,MAINTENANCE
SAT09253,-30.867533,-24.501913,1086.38,INACTIVE
SAT09254,16.516498,-115.870501,17639.98,ACTIVE
SAT09255,-85.324621,15.386079,35436.25,MAINTENANCE
SAT09256,12.448191,-42.293269,28281.68,ACTIVE
SAT09257,-57.734454,-128.126129,18259.96,MAINTENANCE
SAT09258,-69.532872,129.482325,30993.37,ACTIVE
SAT09259,-25.363662,165.294882,26274.07,ACTIVE
SAT09260,-1.369985,-76.532866,17867.92,INACTIVE
SAT09261,31.179801,100.882077,1571.49,INACTIVE
SAT09262,31.681452,71.618134,6499.16,ACTIVE
SAT09263,-77.77357,-51.509504,13913.18,INACTIVE
SAT09264,31.257988,-31.186045,3676.41,ACTIVE
SAT09265,-17.631584,56.137192,2412.54,ACTIVE
SAT09266,66.670858,-5.910201,31927.02,ACTIVE
SAT09267,-82.799512,-30.235262,13150.56,INACTIVE
SAT09268,-82.548905,-146.757473,4199.26,MAINTENANCE
SAT09269,5.856145,100.925579,28095.58,INACTIVE
SAT09270,19.645694,-161.453561,13097.98,ACTIVE
SAT09271,1.711163,36.910245,15542.43,ACTIVE
SAT09272,-46.340946,-20.157479,21885.53,ACTIVE
SAT09273,-71.561153,-164.352623,6602.42,MAINTENANCE
SAT09274,30.169679,-73.801367,25053.87,ACTIVE
SAT09275,-34.918764,35.035471,16482.89,MAINTENANCE
SAT09276,36.591816,165.978546,5098.7,ACTIVE
SAT09277,84.610682,166.844601,17861.27,MAINTENANCE
SAT09278,26.677901,-176.666731,33959.5,INACTIVE
SAT09279,79.847502,158.418199,7674.69,MAINTENANCE
SAT09280,39.112008,29.256202,1746.5,MAINTENANCE
SAT09281,-34.653464,27.485539,15274.2,MAINTENANCE
SAT09282,-3.251794,117.661522,2145.68,ACTIVE
SAT09283,-61.926275,-41.36059,26987.14,INACTIVE
SAT09284,43.818325,-127.377344,22159.04,INACTIVE
SAT09285,-1.785821,-65.287988,2101.56,INACTIVE
SAT09286,-12.10883,-76.997644,7860.94,INACTIVE
SAT09287,42.840542,139.711084,15874.36,ACTIVE
SAT09288,-24.211352,105.192738,8810.98,MAINTENANCE
SAT09289,64.793362,-23.455481,11844.12,INACTIVE
SAT09290,-47.222132,-89.058835,16538.48,MAINTENANCE
SAT09291,30.733257,138.573873,14691.11,MAINTENANCE
SAT09292,-16.632008,-13.411175,3101.82,MAINTENANCE
SAT09293,-51.618715,59.838887,29177.57,MAINTENANCE
SAT09294,-58.565014,13.659486,33325.0,INACTIVE
SAT09295,39.812297,-115.8839,21617.82,MAINTENANCE
SAT09296,69.980285,29.582905,4638.7,INACTIVE
SAT09297,-69.444107,-80.264878,3897.31,INACTIVE
SAT09298,7.219223,11.357774,9176.49,INACTIVE
SAT09299,55.6793,-146.718707,1786.0,ACTIVE
SAT09300,3.51534,-176.109664,15094.36,ACTIVE
SAT09301,36.140103,129.41817,8791.53,MAINTENANCE
SAT09302,47.716279,-30.271469,12365.11,ACTIVE
SAT09303,5.382388,43.387651,20169.35,MAINTENANCE
SAT09304,-21.075427,-135.111282,13044.55,ACTIVE
SAT09305,-4.787789,11.651586,34150.8,ACTIVE
SAT09306,14.409916,-153.53032,24093.34,ACTIVE
SAT09307,-65.585662,-71.503684,12210.68,ACTIVE
SAT09308,79.841404,157.183485,32292.21,INACTIVE
SAT09309,30.231254,-108.999156,20128.35,MAINTENANCE
SAT09310,-59.950222,-159.624237,8523.96,ACTIVE
SAT09311,89.049175,-166.678402,32766.41,ACTIVE
SAT09312,-36.494324,128.639206,9481.55,INACTIVE
SAT09313,82.459262,73.942309,35013.86,INACTIVE
SAT09314,0.298554,115.922695,27562.55,INACTIVE
SAT09315,34.930357,40.370767,22848.04,INACTIVE
SAT09316,37.07561,72.444709,5943.94,MAINTENANCE
SAT09317,10.850327,159.05632,29418.46,INACTIVE
SAT09318,-52.823958,-55.830048,26719.31,MAINTENANCE
SAT09319,-79.241389,-112.982011,18909.52,INACTIVE
SAT09320,24.905316,152.380629,21300.29,MAINTENANCE
SAT09321,52.178576,-117.856915,5137.67,ACTIVE
SAT09322,-79.37943,66.957537,26821.87,INACTIVE
SAT09323,53.587733,-134.519235,11885.3,MAINTENANCE
SAT09324,8.88146,101.061565,7231.09,MAINTENANCE
SAT09325,18.566324,5.275482,23943.97,ACTIVE
SAT09326,-17.068805,-23.148123,7787.88,MAINTENANCE
SAT09327,-88.328696,-175.53208,3072.48,INACTIVE
SAT09328,81.323665,150.168374,5360.07,ACTIVE
SAT09329,-1.491117,-119.876057,23188.34,MAINTENANCE
SAT09330,68.459397,-18.324935,1390.98,INACTIVE
SAT09331,13.057135,5.445104,20351.04,INACTIVE
SAT09332,49.120483,-15.52477,3055.12,MAINTENANCE
SAT09333,38.01379,8.664186,1984.76,MAINTENANCE
SAT09334,30.960021,11.931192,31750.83,ACTIVE
SAT09335,77.71248,41.028538,24647.88,MAINTENANCE
SAT09336,81.331965,-134.662514,4710.26,INACTIVE
SAT09337,79.358604,-45.197579,10136.15,INACTIVE
SAT09338,-24.652295,-107.770516,1409.6,INACTIVE
SAT09339,-28.086885,78.778284,24697.37,INACTIVE
SAT09340,4.698522,-86.791411,14979.16,INACTIVE
SAT09341,21.814211,113.213656,11259.05,ACTIVE
SAT09342,43.045131,80.795736,6807.88,INACTIVE
SAT09343,-1.939787,-19.267686,1010.65,ACTIVE
SAT09344,-65.759092,-19.341278,24901.14,INACTIVE
SAT09345,-27.075114,-166.729536,2210.92,MAINTENANCE
SAT09346,43.306045,71.526315,21702.44,INACTIVE
SAT09347,71.377765,76.441077,34449.96,ACTIVE
SAT09348,-65.50146,56.967264,8521.51,INACTIVE
SAT09349,24.399431,140.535415,30613.2,ACTIVE
SAT09350,69.270239,-110.539311,31885.35,ACTIVE
SAT09351,31.433734,-163.985263,17375.05,MAINTENANCE
SAT09352,20.546771,177.151952,21260.72,ACTIVE
SAT09353,-10.197297,76.045267,4862.55,MAINTENANCE
SAT09354,-34.961612,100.941159,28007.26,ACTIVE
SAT09355,-77.821734,175.163178,2954.15,INACTIVE
SAT09356,34.577068,127.132613,4123.41,MAINTENANCE
SAT09357,-38.117393,-118.532927,33241.8,ACTIVE
SAT09358,-60.418473,-33.980891,3515.26,MAINTENANCE
SAT09359,-11.259899,-8.656956,23486.83,ACTIVE
SAT09360,10.662928,-67.42923,1882.24,INACTIVE
SAT09361,-73.143091,-107.897067,5719.19,ACTIVE
SAT09362,71.837867,125.062655,30073.53,MAINTENANCE
SAT09363,17.20344,-97.279785,6706.64,MAINTENANCE
SAT09364,5.412071,33.489681,13966.54,MAINTENANCE
SAT09365,-77.637132,98.968648,7517.67,INACTIVE
SAT09366,-30.339277,-134.750938,20107.04,INACTIVE
SAT09367,80.474887,-83.169587,27983.65,MAINTENANCE
SAT09368,-47.485913,-112.120645,5920.6,ACTIVE
SAT09369,0.724072,136.47705,12068.92,MAINTENANCE
SAT09370,29.339551,52.798697,30034.17,MAINTENANCE
SAT09371,-18.496216,116.325823,7976.08,INACTIVE
SAT09372,40.172566,173.212487,33710.77,INACTIVE
SAT09373,-5.842809,179.04828,793.72,ACTIVE
SAT09374,29.13022,-90.832545,10450.28,ACTIVE
SAT09375,-13.673751,-69.173854,34041.3,ACTIVE
SAT09376,-58.645317,-172.280655,32403.26,ACTIVE
SAT09377,10.030847,-119.152217,8154.62,INACTIVE
SAT09378,80.655787,81.517478,35497.3,INACTIVE
SAT09379,-15.998272,-55.281708,17647.09,INACTIVE
SAT09380,-30.629516,22.881275,8295.43,MAINTENANCE
SAT09381,60.251338,134.786532,34598.27,ACTIVE
SAT09382,-66.529484,41.285194,32054.6,ACTIVE
SAT09383,-27.060155,-38.240665,27026.29,MAINTENANCE
SAT09384,63.447468,-33.876227,30026.09,INACTIVE
SAT09385,-40.181396,40.901369,28830.5,ACTIVE
SAT09386,61.373441,-58.335761,12909.6,MAINTENANCE
SAT09387,-1.938541,114.860481,22013.61,ACTIVE
SAT09388,-33.420748,-20.09737,30175.88,INACTIVE
SAT09389,22.256422,113.632715,18910.39,INACTIVE
SAT09390,47.030412,61.416754,1460.98,MAINTENANCE
SAT09391,-61.956639,36.017698,22444.72,ACTIVE
SAT09392,-23.492471,-58.722092,29266.34,MAINTENANCE
SAT09393,43.697782,22.49207,5777.16,MAINTENANCE
SAT09394,32.709811,139.418841,6524.09,ACTIVE
SAT09395,13.734266,74.695899,28849.85,ACTIVE
SAT09396,-4.832881,-26.11276,30695.95,ACTIVE
SAT09397,82.695813,-12.642387,240.98,MAINTENANCE
SAT09398,-44.313841,9.348817,3394.53,ACTIVE
SAT09399,-8.152078,-76.282631,1737.06,MAINTENANCE
SAT09400,77.926971,-126.964651,12760.64,ACTIVE
SAT09401,-57.015743,-17.08085,6995.3,ACTIVE
SAT09402,-28.198393,-170.819225,7605.22,MAINTENANCE
SAT09403,37.915324,53.845153,20115.01,MAINTENANCE
SAT09404,-14.726605,-78.815007,11922.52,ACTIVE
SAT09405,-28.203848,169.040316,9330.96,MAINTENANCE
SAT09406,-4.221506,-0.462954,26205.98,INACTIVE
SAT09407,-9.055724,175.238107,4874.85,MAINTENANCE
SAT09408,69.531812,-41.81378,3763.63,ACTIVE
SAT09409,89.267848,48.242295,31180.27,INACTIVE
SAT09410,-43.472602,-159.83908,16689.39,INACTIVE
SAT09411,-12.60464,-63.150157,30453.25,INACTIVE
SAT09412,-76.624029,-76.90577,13458.21,MAINTENANCE
SAT09413,76.860618,-74.476335,24691.99,MAINTENANCE
SAT09414,27.557378,-1.080539,20911.33,ACTIVE
SAT09415,-28.136939,131.699245,3072.85,INACTIVE
SAT09416,-13.578162,-79.407549,23059.31,MAINTENANCE
SAT09417,-51.357942,-36.417207,26959.12,INACTIVE
SAT09418,37.565558,-27.048845,34816.84,MAINTENANCE
SAT09419,54.143386,-33.364514,3445.45,ACTIVE
SAT09420,-13.279051,-72.83923,8031.28,ACTIVE
SAT09421,64.839978,-52.106675,17770.21,MAINTENANCE
SAT09422,-65.088584,-133.035105,22666.57,ACTIVE
SAT09423,68.697494,-14.399723,35547.09,INACTIVE
SAT09424,24.680198,-26.999949,11801.26,MAINTENANCE
SAT09425,-66.24435,109.617344,1295.67,ACTIVE
SAT09426,41.480794,76.883238,11100.72,MAINTENANCE
SAT09427,-62.49436,-57.159283,10623.98,MAINTENANCE
SAT09428,19.652836,175.82665,8590.55,ACTIVE
SAT09429,8.918412,133.768614,32653.51,MAINTENANCE
SAT09430,22.480509,91.569347,15297.95,MAINTENANCE
SAT09431,23.26845,-3.606281,28347.44,MAINTENANCE
SAT09432,-72.39803,-140.903811,8602.88,MAINTENANCE
SAT09433,62.881509,-44.245751,24521.28,INACTIVE
SAT09434,-86.844847,70.717628,23116.08,ACTIVE
SAT09435,17.062927,-163.313281,20203.85,ACTIVE
SAT09436,-4.95045,-24.835464,6873.27,MAINTENANCE
SAT09437,26.320898,-9.084623,4658.0,MAINTENANCE
SAT09438,-12.002561,27.968297,10649.93,MAINTENANCE
SAT09439,-25.105589,103.356798,4394.08,ACTIVE
SAT09440,-33.221516,136.651573,26268.28,ACTIVE
SAT09441,32.693771,135.672767,31453.22,MAINTENANCE
SAT09442,-33.102741,-28.806645,3740.19,ACTIVE
SAT09443,-12.643546,-149.006073,6942.64,MAINTENANCE
SAT09444,-30.979204,-39.972055,9289.27,INACTIVE
SAT09445,52.369911,167.037055,25898.45,INACTIVE
SAT09446,-19.387629,-105.038771,22440.86,ACTIVE
SAT09447,-49.527332,94.401671,6715.82,MAINTENANCE
SAT09448,80.470782,-49.643369,23251.74,INACTIVE
SAT09449,-44.079275,-132.565482,13955.88,MAINTENANCE
SAT09450,-36.198155,28.283002,9133.73,ACTIVE
SAT09451,-49.683792,44.997093,29798.14,ACTIVE
SAT09452,49.279752,81.150199,3943.99,MAINTENANCE
SAT09453,39.809327,-39.368852,18912.47,ACTIVE
SAT09454,-15.956197,-63.993255,7933.38,MAINTENANCE
SAT09455,-89.09625,54.016108,27236.73,INACTIVE
SAT09456,80.816493,62.103703,23945.92,MAINTENANCE
SAT09457,-12.701567,124.459792,20901.31,MAINTENANCE
SAT09458,31.296128,-24.002004,27688.03,MAINTENANCE
SAT09459,33.855091,19.938045,32444.83,ACTIVE
SAT09460,16.473744,25.036395,20695.99,INACTIVE
SAT09461,-20.353977,8.657638,35485.02,ACTIVE
SAT09462,0.500024,11.575464,24497.53,INACTIVE
SAT09463,-28.694147,8.916214,3657.58,MAINTENANCE
SAT09464,-89.652728,-172.616235,29290.59,MAINTENANCE
SAT09465,-28.962914,-160.215311,12138.44,MAINTENANCE
SAT09466,6.124326,83.856417,30558.85,INACTIVE
SAT09467,-76.587439,-2.010536,8110.06,ACTIVE
SAT09468,-89.216529,125.333441,3377.15,INACTIVE
SAT09469,73.974679,-88.03194,5581.16,INACTIVE
SAT09470,-34.913477,125.687824,27837.76,MAINTENANCE
SAT09471,63.365139,-99.377864,33128.96,MAINTENANCE
SAT09472,-68.467075,-43.540516,19066.42,INACTIVE
SAT09473,23.386667,124.590536,5131.71,MAINTENANCE
SAT09474,73.422824,-140.703045,32606.71,ACTIVE
SAT09475,-40.541422,-155.132423,34650.55,MAINTENANCE
SAT09476,-78.655836,86.559608,10003.89,INACTIVE
SAT09477,-56.797411,103.481713,28549.26,ACTIVE
SAT09478,-88.047201,119.713677,16919.95,MAINTENANCE
SAT09479,66.980309,-9.210073,28076.18,ACTIVE
SAT09480,56.162719,-144.801894,5782.55,ACTIVE
SAT09481,58.261747,103.541245,22150.22,INACTIVE
SAT09482,57.8465,99.626088,23976.93,ACTIVE
SAT09483,29.963935,135.692063,13023.96,MAINTENANCE
SAT09484,-24.345636,-105.395212,13721.47,MAINTENANCE
SAT09485,-13.414111,152.229217,29828.65,MAINTENANCE
SAT09486,-86.344723,-111.653795,24963.33,MAINTENANCE
SAT09487,25.790024,178.15004,16591.1,ACTIVE
SAT09488,60.456601,128.309839,31127.48,ACTIVE
SAT09489,-44.157237,-161.795614,18982.46,MAINTENANCE
SAT09490,51.508081,20.930572,19858.81,ACTIVE
SAT09491,75.16383,-176.224563,3873.9,MAINTENANCE
SAT09492,-48.578126,-116.938585,26228.89,MAINTENANCE
SAT09493,79.260868,24.897173,926.13,INACTIVE
SAT09494,37.469251,176.732828,20565.52,INACTIVE
SAT09495,17.707279,-134.954695,28995.3,MAINTENANCE
SAT09496,-16.129456,177.443783,16763.14,INACTIVE
SAT09497,-20.47785,115.449617,15153.77,INACTIVE
SAT09498,-77.487304,-74.23179,1504.94,INACTIVE
SAT09499,-11.998566,-102.447476,30908.21,INACTIVE
SAT09500,-48.685057,25.747827,35907.98,INACTIVE
SAT09501,4.745441,130.848445,33079.11,ACTIVE
SAT09502,62.731426,-77.137478,16958.04,ACTIVE
SAT09503,-71.829426,-15.218184,23462.71,INACTIVE
SAT09504,10.381404,110.518771,31366.91,INACTIVE
SAT09505,-50.150724,114.663416,22003.69,ACTIVE
SAT09506,-29.084733,-158.315867,29940.62,ACTIVE
SAT09507,3.009826,24.127074,15362.24,MAINTENANCE
SAT09508,86.722586,-150.575226,8574.26,MAINTENANCE
SAT09509,82.702307,-10.331396,34826.02,MAINTENANCE
SAT09510,-54.617744,-163.902951,5322.2,ACTIVE
SAT09511,86.565705,67.89688,28915.44,INACTIVE
SAT09512,11.867326,-161.792071,9179.24,ACTIVE
SAT09513,-48.328699,-34.065386,34237.11,INACTIVE
SAT09514,-28.526466,-160.676832,688.85,MAINTENANCE
SAT09515,-53.226908,67.189194,16793.76,INACTIVE
SAT09516,-45.405288,-169.789666,27495.45,ACTIVE
SAT09517,37.525824,57.94204,29023.9,MAINTENANCE
SAT09518,-73.437283,-86.792678,3771.76,MAINTENANCE
SAT09519,-18.206465,97.788012,681.39,ACTIVE
SAT09520,-38.245261,-83.104081,24728.49,MAINTENANCE
SAT09521,-75.413763,43.469362,24607.93,ACTIVE
SAT09522,79.183193,78.20693,17162.69,ACTIVE
SAT09523,-76.712498,-106.838225,6425.4,ACTIVE
SAT09524,28.32489,111.70003,13458.33,INACTIVE
SAT09525,-86.840425,168.384849,13326.68,INACTIVE
SAT09526,55.778699,-178.221123,35334.92,ACTIVE
SAT09527,25.31143,-43.211797,19669.65,INACTIVE
SAT09528,-34.329033,-32.054909,25919.91,ACTIVE
SAT09529,-60.560103,-101.231127,17897.86,INACTIVE
SAT09530,80.209317,120.831617,21675.25,ACTIVE
SAT09531,2.028878,-14.643769,29888.55,MAINTENANCE
SAT09532,69.509102,126.476087,34572.55,ACTIVE
SAT09533,36.824653,102.980937,27269.04,MAINTENANCE
SAT09534,-31.250134,-102.100172,3428.57,MAINTENANCE
SAT09535,56.294995,54.434623,4347.63,ACTIVE
SAT09536,-41.815759,-26.533961,16586.97,ACTIVE
SAT09537,81.38552,14.383994,29488.29,ACTIVE
SAT09538,-60.598878,28.077649,32786.57,ACTIVE
SAT09539,-34.742525,19.387068,3778.47,INACTIVE
SAT09540,46.526438,-149.493475,4583.89,ACTIVE
SAT09541,-38.924365,-164.366073,7333.21,INACTIVE
SAT09542,31.862246,-67.946608,18592.69,INACTIVE
SAT09543,2.723328,-51.499709,35245.72,INACTIVE
SAT09544,-72.506578,-134.532441,20424.82,MAINTENANCE
SAT09545,-37.388664,76.336246,18367.09,MAINTENANCE
SAT09546,88.723954,-72.414942,16018.42,INACTIVE
SAT09547,58.269273,-80.128588,17222.36,ACTIVE
SAT09548,-58.455738,63.428391,31916.11,ACTIVE
SAT09549,-10.904386,52.84803,23764.71,MAINTENANCE
SAT09550,57.963174,-161.426246,33517.24,INACTIVE
SAT09551,14.367112,-136.655635,2169.6,INACTIVE
SAT09552,3.961194,-13.610555,12955.13,INACTIVE
SAT09553,49.218485,102.908566,17996.78,MAINTENANCE
SAT09554,17.174693,-177.634806,29193.92,MAINTENANCE
SAT09555,-83.630912,32.156172,28215.65,ACTIVE
SAT09556,52.522819,36.967526,35857.06,MAINTENANCE
SAT09557,3.40445,42.883968,29629.54,ACTIVE
SAT09558,-2.847307,-177.573516,16804.02,ACTIVE
SAT09559,53.223207,-144.154526,9346.86,INACTIVE
SAT09560,31.496213,-60.187014,11452.31,MAINTENANCE
SAT09561,-63.447315,-24.172193,13326.36,ACTIVE
SAT09562,76.000196,-80.251571,8865.81,INACTIVE
SAT09563,-19.92161,140.203356,28156.7,INACTIVE
SAT09564,31.942257,-146.241387,24273.71,INACTIVE
SAT09565,8.66883,-20.09357,19467.8,MAINTENANCE
SAT09566,-67.522539,164.375314,31065.79,INACTIVE
SAT09567,-36.865733,29.097042,4771.87,INACTIVE
SAT09568,-73.194418,-31.258095,22642.13,MAINTENANCE
SAT09569,-9.754325,-88.763868,16905.26,INACTIVE
SAT09570,42.099421,-19.970516,19110.28,ACTIVE
SAT09571,78.534969,35.643203,29391.94,ACTIVE
SAT09572,72.564232,71.562359,33072.98,ACTIVE
SAT09573,-66.660605,140.51695,22943.03,ACTIVE
SAT09574,78.592795,105.325817,26684.71,ACTIVE
SAT09575,-10.916638,-51.755906,18046.38,ACTIVE
SAT09576,-68.318817,154.453626,31431.97,MAINTENANCE
SAT09577,39.379064,-101.227681,12451.61,INACTIVE
SAT09578,12.389142,162.078965,15234.8,MAINTENANCE
SAT09579,-63.256793,53.892012,13004.15,ACTIVE
SAT09580,63.568577,-22.395305,21425.86,ACTIVE
SAT09581,45.207313,60.484311,34754.59,MAINTENANCE
SAT09582,10.106207,-177.445946,7297.68,INACTIVE
SAT09583,83.514749,-138.778797,35583.61,MAINTENANCE
SAT09584,6.935063,95.573021,15552.38,INACTIVE
SAT09585,67.794405,-25.705378,33171.41,ACTIVE
SAT09586,-42.690492,-11.130277,24595.31,ACTIVE
SAT09587,-0.467081,18.564806,15003.2,INACTIVE
SAT09588,-11.803676,53.289746,8977.31,MAINTENANCE
SAT09589,-22.88235,116.949113,8924.57,MAINTENANCE
SAT09590,-38.807418,142.298953,34305.46,INACTIVE
SAT09591,78.611574,172.366053,35978.27,INACTIVE
SAT09592,82.293655,92.659717,31115.71,MAINTENANCE
SAT09593,-47.17887,-74.105712,491.56,ACTIVE
SAT09594,-72.669045,-58.816561,22036.1,INACTIVE
SAT09595,76.703973,-50.409574,9206.85,ACTIVE
SAT09596,-27.37146,-47.023905,3400.43,MAINTENANCE
SAT09597,68.374089,119.290432,11831.81,ACTIVE
SAT09598,-16.526082,127.651988,14764.59,ACTIVE
SAT09599,-14.575769,24.934177,13361.45,ACTIVE
SAT09600,19.434666,-53.956127,10855.38,INACTIVE
SAT09601,-39.649964,132.702514,25393.27,ACTIVE
SAT09602,-84.143174,-46.751904,25739.08,MAINTENANCE
SAT09603,80.175492,130.56196,25880.51,INACTIVE
SAT09604,-3.496354,-50.777158,22903.01,INACTIVE
SAT09605,52.276278,-26.487095,33369.79,INACTIVE
SAT09606,-17.287767,-98.681232,12368.14,MAINTENANCE
SAT09607,-5.990661,-2.521119,24271.79,INACTIVE
SAT09608,-43.8018,-140.945898,983.96,ACTIVE
SAT09609,-16.813178,85.712147,26636.34,INACTIVE
SAT09610,-68.425451,-150.003485,24030.44,MAINTENANCE
SAT09611,-36.439539,-0.757974,3462.29,ACTIVE
SAT09612,-10.749009,89.306809,8582.69,INACTIVE
SAT09613,20.933867,-40.262031,7567.85,INACTIVE
SAT09614,-68.510144,-96.92259,17050.93,MAINTENANCE
SAT09615,-56.254918,65.670819,7664.18,ACTIVE
SAT09616,-54.328087,-55.975806,34458.62,INACTIVE
SAT09617,41.301543,-132.56146,3690.96,ACTIVE
SAT09618,-23.337136,-133.630719,10496.42,ACTIVE
SAT09619,31.209424,76.192981,5080.98,MAINTENANCE
SAT09620,1.6402,22.828974,33909.77,MAINTENANCE
SAT09621,80.817046,-142.81311,9291.1,MAINTENANCE
SAT09622,30.395258,73.217473,12965.1,INACTIVE
SAT09623,-17.768023,-61.659563,11742.8,INACTIVE
SAT09624,-87.500934,88.680875,4227.26,INACTIVE
SAT09625,55.795167,164.985311,24202.09,ACTIVE
SAT09626,-35.781933,107.492093,13117.18,MAINTENANCE
SAT09627,-37.827801,63.260749,29630.21,ACTIVE
SAT09628,-37.582231,136.334005,28786.42,INACTIVE
SAT09629,43.346193,-109.152456,16341.07,ACTIVE
SAT09630,75.225442,-99.639058,6937.26,MAINTENANCE
SAT09631,68.524388,-76.602266,3502.42,INACTIVE
SAT09632,-10.042908,99.476002,1940.39,INACTIVE
SAT09633,-27.868209,21.057282,12432.34,INACTIVE
SAT09634,29.124471,125.270581,28943.09,ACTIVE
SAT09635,68.459255,-22.26138,18559.01,ACTIVE
SAT09636,-23.513505,-98.363906,1653.64,INACTIVE
SAT09637,20.597299,-122.139186,12651.32,MAINTENANCE
SAT09638,-74.68701,-3.911478,19869.57,MAINTENANCE
SAT09639,-76.716596,-42.091463,16202.48,INACTIVE
SAT09640,67.801635,163.446379,6438.74,INACTIVE
SAT09641,-54.573734,63.054063,10316.82,INACTIVE
SAT09642,37.82975,-140.234946,19618.17,ACTIVE
SAT09643,-26.009596,14.517197,32005.21,INACTIVE
SAT09644,11.567563,54.674527,33567.7,ACTIVE
SAT09645,-60.998163,121.514182,25867.83,INACTIVE
SAT09646,-26.147019,-127.314136,19705.37,ACTIVE
SAT09647,40.823417,160.880861,35230.09,ACTIVE
SAT09648,70.4816,-121.95409,17579.94,MAINTENANCE
SAT09649,-41.789781,-14.637563,28778.05,ACTIVE
SAT09650,2.485876,140.758237,14460.1,MAINTENANCE
SAT09651,-56.204476,-158.11453,23202.86,INACTIVE
SAT09652,-76.235843,-44.903766,27506.25,MAINTENANCE
SAT09653,-80.080652,-96.644598,5041.89,ACTIVE
SAT09654,50.373845,-4.225615,16868.5,MAINTENANCE
SAT09655,16.988303,-112.670873,33158.52,INACTIVE
SAT09656,67.623215,12.58861,14822.24,MAINTENANCE
SAT09657,37.069743,-173.869508,19293.87,INACTIVE
SAT09658,-20.248256,85.859466,8857.07,INACTIVE
SAT09659,-8.743037,-176.027502,2427.96,INACTIVE
SAT09660,-14.572211,11.893535,30408.68,ACTIVE
SAT09661,24.46135,147.910142,26657.28,INACTIVE
SAT09662,51.261009,112.192022,3082.24,ACTIVE
SAT09663,84.584804,-160.928303,14871.55,ACTIVE
SAT09664,69.772718,-4.54695,27362.07,MAINTENANCE
SAT09665,-11.476379,-71.482055,9571.23,ACTIVE
SAT09666,81.231939,2.820702,11931.1,INACTIVE
SAT09667,-7.68723,178.726656,7105.81,ACTIVE
SAT09668,20.966437,-144.394906,7918.25,MAINTENANCE
SAT09669,13.068844,-161.008667,32500.84,INACTIVE
SAT09670,64.023355,-44.979987,33084.82,ACTIVE
SAT09671,60.996057,148.077758,30210.12,ACTIVE
SAT09672,82.076684,-2.285144,23695.11,INACTIVE
SAT09673,-16.563312,31.85079,22775.54,ACTIVE
SAT09674,-74.702818,79.287282,6477.96,ACTIVE
SAT09675,23.849104,-9.462511,17088.01,ACTIVE
SAT09676,17.009391,32.370123,17185.11,INACTIVE
SAT09677,-7.102879,106.297445,35791.69,INACTIVE
SAT09678,16.805239,-9.775511,13464.46,ACTIVE
SAT09679,-65.089447,-40.600007,31933.13,INACTIVE
SAT09680,73.801996,83.051258,21712.18,INACTIVE
SAT09681,-51.460687,-82.554559,30465.04,ACTIVE
SAT09682,-54.949051,9.195838,16878.47,INACTIVE
SAT09683,89.654043,14.787657,10252.03,INACTIVE
SAT09684,22.048402,-157.239542,203.02,INACTIVE
SAT09685,-36.866684,-151.645736,19817.93,INACTIVE
SAT09686,76.026083,-126.903306,13920.77,INACTIVE
SAT09687,-36.905668,-13.265292,34800.88,ACTIVE
SAT09688,-8.965782,-179.48695,5848.31,INACTIVE
SAT09689,-59.090006,119.447782,12278.73,ACTIVE
SAT09690,87.235517,122.09216,10526.81,MAINTENANCE
SAT09691,15.836505,89.419111,14816.09,MAINTENANCE
SAT09692,-19.186487,-38.437017,24874.65,MAINTENANCE
SAT09693,32.923768,159.38757,2072.08,MAINTENANCE
SAT09694,-19.751582,5.709096,30188.45,MAINTENANCE
SAT09695,79.646736,-119.080806,18819.73,INACTIVE
SAT09696,-67.905631,-94.118791,29983.92,MAINTENANCE
SAT09697,45.376161,150.815946,1056.52,ACTIVE
SAT09698,-21.309751,111.628646,9805.15,MAINTENANCE
SAT09699,-86.091371,39.164825,1814.05,INACTIVE
SAT09700,17.51918,59.406685,14982.86,MAINTENANCE
SAT09701,-82.627742,5.925109,12218.97,INACTIVE
SAT09702,42.859755,103.815495,33074.3,ACTIVE
SAT09703,78.782822,11.52351,11412.02,MAINTENANCE
SAT09704,78.346848,29.511112,32128.19,ACTIVE
SAT09705,24.252612,-115.520216,19072.04,INACTIVE
SAT09706,-39.900721,54.994137,26711.54,MAINTENANCE
SAT09707,58.859282,-157.641453,21203.99,MAINTENANCE
SAT09708,-59.10877,-54.656772,6180.39,ACTIVE
SAT09709,88.414066,-24.505811,12936.99,ACTIVE
SAT09710,-89.058282,132.502689,2185.34,ACTIVE
SAT09711,-41.504717,-36.378357,33068.67,ACTIVE
SAT09712,51.088625,123.410941,8665.25,INACTIVE
SAT09713,44.641245,-131.413587,14891.13,INACTIVE
SAT09714,59.522904,154.348248,30652.86,ACTIVE
SAT09715,-77.524281,8.674115,6216.04,INACTIVE
SAT09716,-18.327558,-19.651027,4329.11,ACTIVE
SAT09717,-29.925531,95.341132,9482.57,MAINTENANCE
SAT09718,39.245173,-143.046621,34495.32,INACTIVE
SAT09719,51.773463,-157.721304,25651.06,ACTIVE
SAT09720,36.831187,-104.731037,14332.28,INACTIVE
SAT09721,-65.472226,29.912341,33249.77,INACTIVE
SAT09722,-56.104363,28.612053,28901.54,MAINTENANCE
SAT09723,-82.134689,104.364639,4586.21,INACTIVE
SAT09724,-49.996794,42.141924,1454.04,MAINTENANCE
SAT09725,65.967284,174.529936,35129.95,ACTIVE
SAT09726,64.565451,-5.514738,25625.24,INACTIVE
SAT09727,-36.647035,62.988005,3452.61,INACTIVE
SAT09728,59.26568,49.253906,28672.46,ACTIVE
SAT09729,-71.213263,-127.899951,1376.78,INACTIVE
SAT09730,54.533003,-17.565952,552.38,MAINTENANCE
SAT09731,-10.039528,-26.799972,12925.23,MAINTENANCE
SAT09732,-0.655511,-134.235772,4821.66,INACTIVE
SAT09733,10.80808,110.395322,2237.12,ACTIVE
SAT09734,78.651812,20.298094,630.64,INACTIVE
SAT09735,17.134033,-142.885084,30651.26,ACTIVE
SAT09736,-87.94589,-117.269951,20232.57,INACTIVE
SAT09737,40.723791,-111.603049,17958.04,ACTIVE
SAT09738,73.738078,32.976239,4977.01,INACTIVE
SAT09739,21.228393,97.575046,8396.25,ACTIVE
SAT09740,-59.803171,141.722818,5503.23,ACTIVE
SAT09741,-85.900809,-164.46814,26790.61,ACTIVE
SAT09742,28.575854,61.617778,29461.11,INACTIVE
SAT09743,74.239172,-160.224793,11995.54,MAINTENANCE
SAT09744,12.233305,100.11833,27330.19,INACTIVE
SAT09745,-24.591872,-155.635054,3253.45,INACTIVE
SAT09746,-36.818854,-82.56463,12305.03,MAINTENANCE
SAT09747,-13.602925,-170.04488,17319.09,MAINTENANCE
SAT09748,46.821777,123.183973,22596.94,INACTIVE
SAT09749,-20.335804,-136.212714,11380.99,INACTIVE
SAT09750,-86.254033,54.317078,627.88,INACTIVE
SAT09751,62.040373,-49.313643,32447.42,MAINTENANCE
SAT09752,85.371317,-121.495529,35695.52,ACTIVE
SAT09753,18.215922,-96.523083,15563.27,MAINTENANCE
SAT09754,-80.958991,-61.279065,1645.25,ACTIVE
SAT09755,-16.331353,71.476243,19581.75,INACTIVE
SAT09756,6.921268,-164.743559,9912.7,MAINTENANCE
SAT09757,-1.046813,147.174839,5939.26,ACTIVE
SAT09758,78.485239,105.923051,4907.88,MAINTENANCE
SAT09759,0.886054,105.373731,27641.73,MAINTENANCE
SAT09760,59.122694,31.546269,5038.81,ACTIVE
SAT09761,56.934391,-46.708257,31886.65,MAINTENANCE
SAT09762,10.869284,88.551102,2118.95,MAINTENANCE
SAT09763,7.985984,52.173419,3229.66,MAINTENANCE
SAT09764,36.765732,-38.30541,23888.57,ACTIVE
SAT09765,31.243875,135.088899,3345.66,MAINTENANCE
SAT09766,-74.007088,-40.838969,1818.3,INACTIVE
SAT09767,-56.040334,-148.253669,25412.72,MAINTENANCE
SAT09768,68.135849,119.003621,31311.19,ACTIVE
SAT09769,-18.820523,150.399801,24613.87,MAINTENANCE
SAT09770,9.164597,68.815107,18099.15,MAINTENANCE
SAT09771,25.140895,178.93582,23737.26,MAINTENANCE
SAT09772,12.362954,101.476463,22720.68,MAINTENANCE
SAT09773,-37.950069,45.141351,33651.22,ACTIVE
SAT09774,46.863682,113.773019,35020.98,INACTIVE
SAT09775,53.43931,164.569619,28439.36,ACTIVE
SAT09776,55.524533,26.630565,2666.24,INACTIVE
SAT09777,-53.243183,-26.894538,1767.77,MAINTENANCE
SAT09778,67.980884,-151.719221,18845.85,MAINTENANCE
SAT09779,-84.292781,-49.29466,8709.09,INACTIVE
SAT09780,7.785505,170.028974,25260.71,ACTIVE
SAT09781,23.067572,38.728918,25672.81,INACTIVE
SAT09782,1.962013,141.559268,22120.2,INACTIVE
SAT09783,30.477322,59.17715,1499.88,ACTIVE
SAT09784,45.684711,-9.738183,25146.0,ACTIVE
SAT09785,-19.353413,125.261296,7957.45,MAINTENANCE
SAT09786,73.099524,64.547984,5316.12,ACTIVE
SAT09787,78.387604,-157.358006,10736.95,ACTIVE
SAT09788,-39.729942,-20.148308,23758.59,MAINTENANCE
SAT09789,-42.841473,2.283336,14401.79,ACTIVE
SAT09790,-55.818815,-163.863409,18603.61,MAINTENANCE
SAT09791,74.78081,26.642057,11981.45,MAINTENANCE
SAT09792,-14.972229,-120.093888,2219.55,INACTIVE
SAT09793,1.703113,-122.741431,17127.71,INACTIVE
SAT09794,47.345363,13.984802,25221.9,INACTIVE
SAT09795,-27.806802,-100.413031,34298.29,ACTIVE
SAT09796,-35.110976,-118.920221,2206.37,ACTIVE
SAT09797,59.836244,-10.107795,14341.07,MAINTENANCE
SAT09798,-48.499004,-91.68968,31382.22,ACTIVE
SAT09799,66.343726,51.84751,3213.22,MAINTENANCE
SAT09800,18.381309,-14.168984,14522.59,INACTIVE
SAT09801,75.478088,158.219277,27314.23,INACTIVE
SAT09802,0.904793,145.615814,23250.22,ACTIVE
SAT09803,-5.723208,75.265906,10700.32,MAINTENANCE
SAT09804,-20.160838,-78.994501,18793.51,INACTIVE
SAT09805,-88.574993,-0.989295,26159.68,MAINTENANCE
SAT09806,24.201521,160.479468,11155.9,MAINTENANCE
SAT09807,-82.045298,-30.511236,26152.75,MAINTENANCE
SAT09808,-43.817656,141.528988,16218.75,MAINTENANCE
SAT09809,-19.348212,-75.341042,15776.09,INACTIVE
SAT09810,-27.80864,137.913906,3312.66,ACTIVE
SAT09811,47.288083,131.058385,11362.82,MAINTENANCE
SAT09812,89.601438,-57.326357,19844.34,INACTIVE
SAT09813,66.121369,-29.899621,24586.16,ACTIVE
SAT09814,62.7713,145.166331,18521.15,INACTIVE
SAT09815,-21.416758,-151.548465,3983.22,ACTIVE
SAT09816,10.242379,158.519246,6121.63,INACTIVE
SAT09817,78.157735,-68.701634,32031.46,INACTIVE
SAT09818,-72.866574,-30.65597,6929.75,INACTIVE
SAT09819,60.020778,28.07974,16324.8,ACTIVE
SAT09820,28.29123,140.35841,23124.46,MAINTENANCE
SAT09821,-35.517749,27.957971,10528.26,ACTIVE
SAT09822,31.233032,131.600793,28119.46,INACTIVE
SAT09823,-84.746733,3.566714,31991.94,MAINTENANCE
SAT09824,39.679809,138.452879,34316.44,MAINTENANCE
SAT09825,21.686444,9.993185,33769.54,MAINTENANCE
SAT09826,-52.114349,51.001284,17964.73,INACTIVE
SAT09827,-19.609839,-112.783885,23512.47,INACTIVE
SAT09828,-5.438817,-66.117213,34731.19,INACTIVE
SAT09829,85.379367,6.865896,31779.77,INACTIVE
SAT09830,-51.934833,-135.717176,22038.29,MAINTENANCE
SAT09831,75.660992,-138.938228,30565.84,ACTIVE
SAT09832,-58.428854,55.902611,27320.45,MAINTENANCE
SAT09833,0.520057,-74.614933,5707.84,ACTIVE
SAT09834,34.649885,-166.297064,24025.44,INACTIVE
SAT09835,-74.042336,-133.653479,24875.45,INACTIVE
SAT09836,-82.117947,-15.352073,31056.72,ACTIVE
SAT09837,-46.904415,-83.891389,6767.77,ACTIVE
SAT09838,78.644922,96.22225,11655.46,MAINTENANCE
SAT09839,27.867667,-159.56993,5130.94,ACTIVE
SAT09840,59.097485,143.1028,34489.89,MAINTENANCE
SAT09841,48.664288,93.534741,1444.64,MAINTENANCE
SAT09842,-87.159366,8.642685,29497.09,ACTIVE
SAT09843,-28.763297,114.270389,589.35,MAINTENANCE
SAT09844,37.300416,-53.978813,21413.26,ACTIVE
SAT09845,-67.635427,-109.955876,31225.3,INACTIVE
SAT09846,68.469134,32.708552,18060.85,INACTIVE
SAT09847,-3.208313,-138.976513,23127.31,MAINTENANCE
SAT09848,54.982787,179.071993,15793.12,MAINTENANCE
SAT09849,78.413547,118.271304,25391.18,MAINTENANCE
SAT09850,15.476216,-94.847522,33200.41,INACTIVE
SAT09851,-14.202063,-33.728685,3132.87,ACTIVE
SAT09852,14.632709,-57.352978,34641.33,INACTIVE
SAT09853,45.146359,-132.701873,322.02,ACTIVE
SAT09854,59.870255,-12.022547,2469.93,MAINTENANCE
SAT09855,-17.543176,-98.862422,19420.75,INACTIVE
SAT09856,-36.784683,-60.679011,19182.0,MAINTENANCE
SAT09857,-65.538042,77.803404,31725.6,ACTIVE
SAT09858,67.535057,54.129434,16572.15,ACTIVE
SAT09859,-11.523577,-147.498849,15569.59,INACTIVE
SAT09860,-14.457891,41.367438,1279.53,ACTIVE
SAT09861,-9.883403,16.345812,17591.4,INACTIVE
SAT09862,-29.461265,27.41244,18416.22,MAINTENANCE
SAT09863,-61.076735,70.015022,10468.92,ACTIVE
SAT09864,-49.821827,-128.090648,8699.17,MAINTENANCE
SAT09865,6.75826,102.643808,22831.03,ACTIVE
SAT09866,29.704661,104.18038,9512.6,MAINTENANCE
SAT09867,79.45191,-127.007609,13998.14,MAINTENANCE
SAT09868,-57.695964,150.659103,2417.66,ACTIVE
SAT09869,77.028298,-71.756259,4711.52,INACTIVE
SAT09870,-7.472785,73.748274,8216.16,ACTIVE
SAT09871,48.903539,-75.876843,13051.16,ACTIVE
SAT09872,-49.887513,13.246801,19018.16,MAINTENANCE
SAT09873,-28.666523,23.714406,30346.56,INACTIVE
SAT09874,-5.246405,-81.551242,23165.34,ACTIVE
SAT09875,82.155766,62.789574,24569.92,ACTIVE
SAT09876,16.042661,119.789346,24498.45,MAINTENANCE
SAT09877,-82.6943,54.576443,31484.82,INACTIVE
SAT09878,-54.976073,-115.030516,27955.53,ACTIVE
SAT09879,-2.335313,60.611577,11798.61,INACTIVE
SAT09880,21.972981,-143.666114,13841.0,INACTIVE
SAT09881,-19.555014,-17.742324,20254.45,ACTIVE
SAT09882,-88.714309,-89.924156,27559.7,MAINTENANCE
SAT09883,-74.695997,89.770331,33878.46,MAINTENANCE
SAT09884,-57.045937,91.066578,343.43,ACTIVE
SAT09885,85.530162,49.432789,33057.04,INACTIVE
SAT09886,-0.991147,-2.821898,1476.72,INACTIVE
SAT09887,-88.039647,115.471992,21867.09,MAINTENANCE
SAT09888,-9.749001,15.763334,26359.24,INACTIVE
SAT09889,3.427131,-152.100134,15020.06,MAINTENANCE
SAT09890,-20.268085,-133.530548,21904.04,INACTIVE
SAT09891,-78.196226,169.139955,29406.95,MAINTENANCE
SAT09892,-21.218484,24.50883,22659.29,MAINTENANCE
SAT09893,-10.079961,-7.252936,23375.64,INACTIVE
SAT09894,-37.797306,-13.048552,30146.43,ACTIVE
SAT09895,23.947419,145.538664,31637.49,ACTIVE
SAT09896,-51.920414,-95.551495,24589.28,INACTIVE
SAT09897,-78.863683,123.595965,25132.55,INACTIVE
SAT09898,-57.348674,75.3121,13387.63,MAINTENANCE
SAT09899,21.798325,-141.370141,18504.89,INACTIVE
SAT09900,-6.330077,146.743391,17598.1,ACTIVE
SAT09901,-21.686721,-19.671983,34486.61,INACTIVE
SAT09902,14.143109,-144.966776,8208.91,INACTIVE
SAT09903,3.675657,124.680005,22735.51,MAINTENANCE
SAT09904,57.679247,-91.836046,32435.83,ACTIVE
SAT09905,-61.359439,-46.119756,29347.43,ACTIVE
SAT09906,-17.220749,82.92024,22665.59,INACTIVE
SAT09907,8.029042,-148.045204,16325.16,MAINTENANCE
SAT09908,20.081439,-23.688507,21707.31,MAINTENANCE
SAT09909,-80.009941,-148.375641,31849.9,MAINTENANCE
SAT09910,-13.909691,19.899455,4946.17,MAINTENANCE
SAT09911,-77.951145,-40.530162,14634.99,INACTIVE
SAT09912,-7.649436,-132.805187,31897.43,INACTIVE
SAT09913,45.515501,129.863163,20992.69,ACTIVE
SAT09914,-25.522424,-80.93356,34395.79,MAINTENANCE
SAT09915,-64.923388,179.412662,25146.6,INACTIVE
SAT09916,27.680074,175.673749,21161.95,MAINTENANCE
SAT09917,-31.310419,143.11282,3144.96,MAINTENANCE
SAT09918,-61.333842,58.349201,10952.46,MAINTENANCE
SAT09919,-5.574677,123.471546,6715.51,ACTIVE
SAT09920,-53.678311,54.664874,10086.19,MAINTENANCE
SAT09921,81.596721,-148.278345,11668.44,MAINTENANCE
SAT09922,76.564458,107.332886,8570.99,MAINTENANCE
SAT09923,-25.144802,106.334358,32517.27,ACTIVE
SAT09924,3.857831,-176.887942,31279.29,INACTIVE
SAT09925,-68.340211,-102.245303,6217.29,ACTIVE
SAT09926,-67.309569,142.889077,28791.09,INACTIVE
SAT09927,85.227071,13.972912,29443.0,ACTIVE
SAT09928,18.013925,-32.582352,8309.1,MAINTENANCE
SAT09929,66.915691,25.919665,26789.52,ACTIVE
SAT09930,36.073701,-73.360954,14008.06,ACTIVE
SAT09931,-61.942012,20.034767,1787.17,MAINTENANCE
SAT09932,-57.222637,93.138375,22763.17,MAINTENANCE
SAT09933,60.560703,-154.198907,19794.47,MAINTENANCE
SAT09934,-20.245889,-19.158867,21456.39,ACTIVE
SAT09935,13.524775,-60.951141,22344.38,ACTIVE
SAT09936,50.595939,49.242879,23004.03,INACTIVE
SAT09937,-34.60031,71.982259,35744.15,ACTIVE
SAT09938,-20.107138,-13.513804,3884.82,INACTIVE
SAT09939,-71.11133,-75.602273,31197.83,ACTIVE
SAT09940,84.098542,-89.674671,21517.5,MAINTENANCE
SAT09941,69.390141,156.324493,16497.55,ACTIVE
SAT09942,11.208399,-142.447645,11855.2,INACTIVE
SAT09943,38.570447,-67.015921,2764.41,INACTIVE
SAT09944,66.286539,-68.516942,29165.8,MAINTENANCE
SAT09945,-23.019156,-127.510227,25913.85,INACTIVE
SAT09946,67.959205,153.774304,7695.55,MAINTENANCE
SAT09947,-86.395885,16.235335,3768.07,INACTIVE
SAT09948,85.958181,106.383344,9233.48,INACTIVE
SAT09949,30.383758,77.671612,14477.91,INACTIVE
SAT09950,40.099269,173.317314,18023.85,MAINTENANCE
SAT09951,18.137225,100.710511,26682.69,MAINTENANCE
SAT09952,4.928246,174.491082,18924.94,INACTIVE
SAT09953,-6.28039,-139.454891,15195.34,INACTIVE
SAT09954,26.033206,-118.686842,10905.46,ACTIVE
SAT09955,37.087322,-40.107342,16043.68,ACTIVE
SAT09956,-83.463469,-168.577518,32671.79,ACTIVE
SAT09957,29.769247,-160.437815,3370.64,INACTIVE
SAT09958,26.763415,-5.024506,6653.83,ACTIVE
SAT09959,-23.645224,76.745725,35639.43,MAINTENANCE
SAT09960,-64.167548,132.219757,6516.76,ACTIVE
SAT09961,-76.723179,79.718525,30212.36,MAINTENANCE
SAT09962,-50.120793,178.351813,30431.95,INACTIVE
SAT09963,-42.695629,104.106858,26674.44,INACTIVE
SAT09964,-85.959898,16.660082,23048.62,ACTIVE
SAT09965,24.780174,-114.4007,20428.38,ACTIVE
SAT09966,17.447316,-98.940851,29733.31,ACTIVE
SAT09967,42.727776,-102.13208,5610.96,INACTIVE
SAT09968,75.539176,68.984238,34086.21,MAINTENANCE
SAT09969,-25.099415,104.385745,16374.95,INACTIVE
SAT09970,37.457256,-82.051239,19442.14,INACTIVE
SAT09971,-9.102793,-22.662547,21866.17,ACTIVE
SAT09972,67.919055,-78.451205,17427.88,MAINTENANCE
SAT09973,4.688743,-89.598241,5305.35,MAINTENANCE
SAT09974,-58.711299,-90.7716,28363.32,ACTIVE
SAT09975,48.63053,101.188506,34197.68,MAINTENANCE
SAT09976,-31.490278,-32.786172,11068.41,ACTIVE
SAT09977,-70.564675,104.315608,3065.49,ACTIVE
SAT09978,-83.332251,-68.141008,25608.19,ACTIVE
SAT09979,12.382232,-167.808533,16765.38,ACTIVE
SAT09980,-67.823796,166.256856,12812.43,MAINTENANCE
SAT09981,87.871359,-37.302946,21388.06,MAINTENANCE
SAT09982,57.324803,8.235619,12506.06,ACTIVE
SAT09983,5.933106,-88.756244,31628.61,INACTIVE
SAT09984,70.597681,21.772779,10452.16,ACTIVE
SAT09985,-62.672805,-70.706835,17148.95,MAINTENANCE
SAT09986,-7.526406,-99.24053,6347.85,INACTIVE
SAT09987,58.968669,1.158949,24967.78,ACTIVE
SAT09988,-25.061783,-11.003863,1019.58,MAINTENANCE
SAT09989,-20.42877,122.396283,34644.2,MAINTENANCE
SAT09990,-40.59976,-86.186038,7882.07,MAINTENANCE
SAT09991,-87.049178,-104.128692,7007.58,MAINTENANCE
SAT09992,-77.185089,-34.294283,2947.87,ACTIVE
SAT09993,8.309681,-175.73041,17460.27,MAINTENANCE
SAT09994,73.025737,147.960962,35454.12,INACTIVE
SAT09995,-44.424926,168.435721,3037.68,INACTIVE
SAT09996,79.087853,106.616238,26298.21,MAINTENANCE
SAT09997,13.042959,162.945841,20727.44,INACTIVE
SAT09998,-88.089077,-83.683011,6809.25,ACTIVE
SAT09999,80.080573,55.139019,30096.88,INACTIVE
SAT10000,-46.059383,-129.753187,18756.27,INACTIVE
